v 0.000000 -0.999999 0.000000
v 0.191342 -0.961940 0.195090
v 0.000000 -0.980784 0.195090
v 0.000000 -0.382683 -0.923880
v 0.038060 -0.191342 -0.980785
v 0.074658 -0.375330 -0.923880
v 0.180240 -0.906127 0.382683
v 0.000000 -0.923879 0.382683
v 0.000000 -0.555570 -0.831470
v 0.108386 -0.544895 -0.831470
v 0.162212 -0.815493 0.555570
v 0.000000 -0.831469 0.555570
v 0.000000 -0.707106 -0.707107
v 0.137950 -0.693520 -0.707107
v 0.137950 -0.693520 0.707107
v 0.000000 -0.707106 0.707107
v 0.000000 -0.831469 -0.555570
v 0.162212 -0.815493 -0.555570
v 0.108386 -0.544895 0.831470
v 0.000000 -0.555570 0.831470
v 0.000000 -0.923879 -0.382683
v 0.180240 -0.906127 -0.382683
v 0.074658 -0.375330 0.923880
v 0.000000 -0.382683 0.923880
v 0.000000 -0.980784 -0.195090
v 0.191342 -0.961940 -0.195090
v 0.038060 -0.191341 0.980785
v 0.000000 -0.195090 0.980785
v 0.195090 -0.980785 0.000000
v 0.000000 -0.195090 -0.980785
v 0.000000 0.000001 -1.000000
v 0.000000 0.000000 1.000000
v 0.382684 -0.923879 0.000000
v 0.074658 -0.180240 -0.980785
v 0.074658 -0.180240 0.980785
v 0.375330 -0.906127 0.195090
v 0.146447 -0.353553 -0.923880
v 0.353554 -0.853553 0.382683
v 0.212608 -0.513280 -0.831470
v 0.318190 -0.768178 0.555570
v 0.270598 -0.653281 -0.707107
v 0.270598 -0.653281 0.707107
v 0.318190 -0.768178 -0.555570
v 0.212608 -0.513280 0.831470
v 0.353553 -0.853553 -0.382683
v 0.146447 -0.353553 0.923880
v 0.375330 -0.906127 -0.195090
v 0.392848 -0.587938 0.707107
v 0.461940 -0.691342 -0.555570
v 0.308658 -0.461940 0.831470
v 0.513280 -0.768178 -0.382683
v 0.212608 -0.318189 0.923880
v 0.544895 -0.815493 -0.195090
v 0.108386 -0.162211 0.980785
v 0.555570 -0.831469 0.000000
v 0.108387 -0.162212 -0.980785
v 0.544895 -0.815493 0.195090
v 0.212608 -0.318190 -0.923880
v 0.513280 -0.768178 0.382683
v 0.308658 -0.461940 -0.831470
v 0.461940 -0.691342 0.555570
v 0.392848 -0.587938 -0.707107
v 0.137950 -0.137950 -0.980785
v 0.137950 -0.137949 0.980785
v 0.693520 -0.693520 0.195090
v 0.270598 -0.270598 -0.923880
v 0.653282 -0.653281 0.382683
v 0.392848 -0.392847 -0.831470
v 0.587938 -0.587938 0.555570
v 0.500000 -0.500000 -0.707107
v 0.500000 -0.500000 0.707107
v 0.587938 -0.587938 -0.555570
v 0.392848 -0.392847 0.831470
v 0.653282 -0.653281 -0.382683
v 0.270598 -0.270598 0.923880
v 0.693520 -0.693520 -0.195090
v 0.707107 -0.707107 0.000000
v 0.587938 -0.392847 -0.707107
v 0.691342 -0.461940 -0.555570
v 0.461940 -0.308658 0.831470
v 0.768178 -0.513280 -0.382683
v 0.318190 -0.212607 0.923880
v 0.815493 -0.544895 -0.195090
v 0.162212 -0.108386 0.980785
v 0.831470 -0.555570 0.000000
v 0.162212 -0.108386 -0.980785
v 0.815493 -0.544895 0.195090
v 0.318190 -0.212607 -0.923880
v 0.768178 -0.513280 0.382683
v 0.461940 -0.308658 -0.831470
v 0.691342 -0.461940 0.555570
v 0.587938 -0.392847 0.707107
v 0.906128 -0.375330 0.195090
v 0.353554 -0.146446 -0.923880
v 0.853554 -0.353553 0.382683
v 0.513280 -0.212607 -0.831470
v 0.768178 -0.318189 0.555570
v 0.653282 -0.270598 -0.707107
v 0.653282 -0.270598 0.707107
v 0.768178 -0.318189 -0.555570
v 0.513280 -0.212607 0.831470
v 0.853554 -0.353553 -0.382683
v 0.353554 -0.146446 0.923880
v 0.906128 -0.375330 -0.195090
v 0.180240 -0.074658 0.980785
v 0.923880 -0.382683 0.000000
v 0.180240 -0.074658 -0.980785
v 0.693520 -0.137949 0.707107
v 0.544895 -0.108386 0.831470
v 0.906128 -0.180240 -0.382683
v 0.375330 -0.074658 0.923880
v 0.961940 -0.191341 -0.195090
v 0.191342 -0.038060 0.980785
v 0.980785 -0.195090 0.000000
v 0.191342 -0.038060 -0.980785
v 0.961940 -0.191341 0.195090
v 0.375331 -0.074658 -0.923880
v 0.906128 -0.180240 0.382683
v 0.544895 -0.108386 -0.831470
v 0.815493 -0.162211 0.555570
v 0.693520 -0.137949 -0.707107
v 0.815493 -0.162211 -0.555570
v 0.923880 0.000000 0.382683
v 0.555570 0.000000 -0.831470
v 0.831470 0.000000 0.555570
v 0.707107 0.000000 -0.707107
v 0.707107 0.000000 0.707107
v 0.831470 0.000000 -0.555570
v 0.555570 0.000000 0.831470
v 0.923880 0.000000 -0.382683
v 0.382684 0.000000 0.923880
v 0.980785 0.000000 -0.195090
v 0.195090 0.000000 0.980785
v 1.000000 0.000000 0.000000
v 0.195091 0.000000 -0.980785
v 0.980785 0.000000 0.195090
v 0.382684 0.000000 -0.923880
v 0.375330 0.074658 0.923880
v 0.906128 0.180240 -0.382683
v 0.961940 0.191342 -0.195090
v 0.191342 0.038061 0.980785
v 0.980785 0.195091 0.000000
v 0.191342 0.038061 -0.980785
v 0.961940 0.191342 0.195090
v 0.375331 0.074658 -0.923880
v 0.906128 0.180240 0.382683
v 0.544895 0.108387 -0.831470
v 0.815493 0.162212 0.555570
v 0.693520 0.137950 -0.707107
v 0.693520 0.137950 0.707107
v 0.815493 0.162212 -0.555570
v 0.544895 0.108387 0.831470
v 0.513280 0.212608 -0.831470
v 0.853554 0.353554 0.382683
v 0.768178 0.318190 0.555570
v 0.653282 0.270598 -0.707107
v 0.653282 0.270598 0.707107
v 0.768178 0.318190 -0.555570
v 0.513280 0.212608 0.831470
v 0.853554 0.353554 -0.382683
v 0.353553 0.146447 0.923880
v 0.906127 0.375331 -0.195090
v 0.180240 0.074658 0.980785
v 0.923880 0.382684 0.000000
v 0.180240 0.074658 -0.980785
v 0.906127 0.375331 0.195090
v 0.353554 0.146447 -0.923880
v 0.768178 0.513280 -0.382683
v 0.815493 0.544895 -0.195090
v 0.318190 0.212608 0.923880
v 0.162212 0.108387 0.980785
v 0.831470 0.555571 0.000000
v 0.162212 0.108387 -0.980785
v 0.815493 0.544895 0.195090
v 0.318190 0.212608 -0.923880
v 0.768178 0.513280 0.382683
v 0.461940 0.308659 -0.831470
v 0.691342 0.461940 0.555570
v 0.587938 0.392848 -0.707107
v 0.587938 0.392848 0.707107
v 0.691342 0.461940 -0.555570
v 0.461940 0.308659 0.831470
v 0.653282 0.653282 0.382683
v 0.587938 0.587938 0.555570
v 0.500000 0.500000 -0.707107
v 0.500000 0.500000 0.707107
v 0.587938 0.587938 -0.555570
v 0.392848 0.392848 0.831470
v 0.653282 0.653282 -0.382683
v 0.270598 0.270598 0.923880
v 0.693520 0.693520 -0.195090
v 0.137950 0.137950 0.980785
v 0.707107 0.707107 0.000000
v 0.137950 0.137950 -0.980785
v 0.693520 0.693520 0.195090
v 0.270598 0.270599 -0.923880
v 0.392848 0.392848 -0.831470
v 0.108386 0.162212 0.980785
v 0.555570 0.831470 0.000000
v 0.108386 0.162212 -0.980785
v 0.544895 0.815493 0.195090
v 0.212608 0.318190 -0.923880
v 0.513280 0.768178 0.382683
v 0.308658 0.461940 -0.831470
v 0.461940 0.691342 0.555570
v 0.392848 0.587938 -0.707107
v 0.392848 0.587938 0.707107
v 0.461940 0.691342 -0.555570
v 0.308658 0.461940 0.831470
v 0.513280 0.768178 -0.382683
v 0.212608 0.318190 0.923880
v 0.544895 0.815493 -0.195090
v 0.270598 0.653282 -0.707107
v 0.318190 0.768178 0.555570
v 0.270598 0.653282 0.707107
v 0.318190 0.768178 -0.555570
v 0.212608 0.513280 0.831470
v 0.353553 0.853554 -0.382683
v 0.146447 0.353554 0.923880
v 0.375330 0.906128 -0.195090
v 0.074658 0.180240 0.980785
v 0.382683 0.923880 0.000000
v 0.074658 0.180240 -0.980785
v 0.375330 0.906128 0.195090
v 0.146447 0.353554 -0.923880
v 0.353553 0.853554 0.382683
v 0.212608 0.513280 -0.831470
v 0.191342 0.961940 -0.195090
v 0.195090 0.980787 0.000000
v 0.038060 0.191342 -0.980785
v 0.038060 0.191342 0.980785
v 0.191342 0.961940 0.195090
v 0.074658 0.375331 -0.923880
v 0.180240 0.906128 0.382683
v 0.108386 0.544896 -0.831470
v 0.162212 0.815493 0.555570
v 0.137950 0.693520 -0.707107
v 0.137950 0.693520 0.707107
v 0.162212 0.815493 -0.555570
v 0.108386 0.544895 0.831470
v 0.180240 0.906128 -0.382683
v 0.074658 0.375331 0.923880
v 0.000000 0.707107 0.707107
v 0.000000 0.707107 -0.707107
v 0.000000 0.831470 -0.555570
v 0.000000 0.555570 0.831470
v 0.000000 0.923880 -0.382683
v 0.000000 0.382684 0.923880
v 0.000000 0.980785 -0.195090
v 0.000000 0.195091 0.980785
v 0.000000 1.000000 0.000000
v 0.000000 0.195091 -0.980785
v 0.000000 0.980785 0.195090
v 0.000000 0.382684 -0.923880
v 0.000000 0.923880 0.382683
v 0.000000 0.555571 -0.831470
v 0.000000 0.831470 0.555570
v -0.038060 0.191342 0.980785
v -0.191342 0.961940 0.195090
v -0.074658 0.375331 -0.923880
v -0.180240 0.906128 0.382683
v -0.108386 0.544896 -0.831470
v -0.162212 0.815493 0.555570
v -0.137950 0.693520 -0.707107
v -0.137950 0.693520 0.707107
v -0.162212 0.815493 -0.555570
v -0.108386 0.544895 0.831470
v -0.180240 0.906128 -0.382683
v -0.074658 0.375331 0.923880
v -0.191342 0.961940 -0.195090
v -0.195090 0.980787 0.000000
v -0.038060 0.191342 -0.980785
v -0.212608 0.513280 0.831470
v -0.353553 0.853554 -0.382683
v -0.146447 0.353554 0.923880
v -0.375330 0.906127 -0.195090
v -0.074658 0.180240 0.980785
v -0.382684 0.923880 0.000000
v -0.074658 0.180240 -0.980785
v -0.375330 0.906127 0.195090
v -0.146447 0.353554 -0.923880
v -0.353553 0.853554 0.382683
v -0.212608 0.513280 -0.831470
v -0.318190 0.768178 0.555570
v -0.270598 0.653282 -0.707107
v -0.270598 0.653282 0.707107
v -0.318190 0.768178 -0.555570
v -0.212608 0.318190 -0.923880
v -0.513280 0.768178 0.382683
v -0.308658 0.461940 -0.831470
v -0.461940 0.691342 0.555570
v -0.392847 0.587938 -0.707107
v -0.392847 0.587938 0.707107
v -0.461940 0.691342 -0.555570
v -0.308658 0.461940 0.831470
v -0.513280 0.768178 -0.382683
v -0.212607 0.318190 0.923880
v -0.544895 0.815493 -0.195090
v -0.108386 0.162212 0.980785
v -0.555570 0.831470 0.000000
v -0.108386 0.162212 -0.980785
v -0.544895 0.815493 0.195090
v -0.653281 0.653282 -0.382683
v -0.270598 0.270598 0.923880
v -0.693520 0.693520 -0.195090
v -0.137950 0.137950 0.980785
v -0.707107 0.707107 0.000000
v -0.137950 0.137950 -0.980785
v -0.693520 0.693520 0.195090
v -0.270598 0.270598 -0.923880
v -0.653281 0.653282 0.382683
v -0.392848 0.392848 -0.831470
v -0.587938 0.587938 0.555570
v -0.500000 0.500000 -0.707107
v -0.500000 0.500000 0.707107
v -0.587938 0.587938 -0.555570
v -0.392847 0.392848 0.831470
v -0.768178 0.513280 0.382683
v -0.461940 0.308659 -0.831470
v -0.691342 0.461940 0.555570
v -0.587938 0.392848 -0.707107
v -0.587938 0.392848 0.707107
v -0.691342 0.461940 -0.555570
v -0.461940 0.308658 0.831470
v -0.768178 0.513280 -0.382683
v -0.318190 0.212608 0.923880
v -0.815493 0.544895 -0.195090
v -0.162212 0.108387 0.980785
v -0.831470 0.555570 0.000000
v -0.162212 0.108387 -0.980785
v -0.815493 0.544895 0.195090
v -0.318190 0.212608 -0.923880
v -0.513280 0.212608 0.831470
v -0.353553 0.146447 0.923880
v -0.853553 0.353554 -0.382683
v -0.906127 0.375330 -0.195090
v -0.180240 0.074658 0.980785
v -0.923880 0.382684 0.000000
v -0.180240 0.074658 -0.980785
v -0.906127 0.375330 0.195090
v -0.353553 0.146447 -0.923880
v -0.853553 0.353554 0.382683
v -0.513280 0.212608 -0.831470
v -0.768177 0.318190 0.555570
v -0.653281 0.270598 -0.707107
v -0.653281 0.270598 0.707107
v -0.768177 0.318190 -0.555570
v -0.375330 0.074658 -0.923880
v -0.544895 0.108387 -0.831470
v -0.906127 0.180240 0.382683
v -0.815493 0.162212 0.555570
v -0.693520 0.137950 -0.707107
v -0.693520 0.137950 0.707107
v -0.815493 0.162212 -0.555570
v -0.544895 0.108387 0.831470
v -0.906127 0.180240 -0.382683
v -0.375330 0.074658 0.923880
v -0.961939 0.191342 -0.195090
v -0.191342 0.038061 0.980785
v -0.980785 0.195090 0.000000
v -0.191342 0.038061 -0.980785
v -0.961939 0.191342 0.195090
v -0.923879 0.000000 -0.382683
v -0.980785 0.000000 -0.195090
v -0.195090 0.000000 0.980785
v -1.000000 0.000000 0.000000
v -0.195090 0.000000 -0.980785
v -0.980785 0.000000 0.195090
v -0.382683 0.000000 -0.923880
v -0.923879 0.000000 0.382683
v -0.555570 0.000000 -0.831470
v -0.831469 0.000000 0.555570
v -0.707107 0.000000 -0.707107
v -0.707107 0.000000 0.707107
v -0.831469 0.000000 -0.555570
v -0.555570 0.000000 0.831470
v -0.382683 0.000000 0.923880
v -0.906127 -0.180240 0.382683
v -0.815493 -0.162211 0.555570
v -0.544895 -0.108386 -0.831470
v -0.693520 -0.137949 -0.707107
v -0.693520 -0.137949 0.707107
v -0.815493 -0.162211 -0.555570
v -0.544895 -0.108386 0.831470
v -0.906127 -0.180240 -0.382683
v -0.375330 -0.074658 0.923880
v -0.961939 -0.191342 -0.195090
v -0.191342 -0.038060 0.980785
v -0.980785 -0.195090 0.000000
v -0.191342 -0.038060 -0.980785
v -0.961939 -0.191342 0.195090
v -0.375330 -0.074658 -0.923880
v -0.180240 -0.074657 0.980785
v -0.923879 -0.382683 0.000000
v -0.180240 -0.074658 -0.980785
v -0.906127 -0.375330 0.195090
v -0.353553 -0.146446 -0.923880
v -0.853553 -0.353553 0.382683
v -0.513280 -0.212607 -0.831470
v -0.768177 -0.318189 0.555570
v -0.653281 -0.270598 -0.707107
v -0.653281 -0.270598 0.707107
v -0.768177 -0.318189 -0.555570
v -0.513280 -0.212607 0.831470
v -0.853553 -0.353553 -0.382683
v -0.353553 -0.146446 0.923880
v -0.906127 -0.375330 -0.195090
v -0.587938 -0.392847 0.707107
v -0.587938 -0.392847 -0.707107
v -0.691341 -0.461939 -0.555570
v -0.461940 -0.308658 0.831470
v -0.768178 -0.513280 -0.382683
v -0.318189 -0.212607 0.923880
v -0.815493 -0.544895 -0.195090
v -0.162212 -0.108386 0.980785
v -0.831469 -0.555570 0.000000
v -0.162212 -0.108386 -0.980785
v -0.815493 -0.544895 0.195090
v -0.318190 -0.212607 -0.923880
v -0.768178 -0.513280 0.382683
v -0.461940 -0.308658 -0.831470
v -0.691341 -0.461939 0.555570
v -0.137950 -0.137949 -0.980785
v -0.137950 -0.137949 0.980785
v -0.707106 -0.707106 0.000000
v -0.693519 -0.693519 0.195090
v -0.270598 -0.270598 -0.923880
v -0.653281 -0.653281 0.382683
v -0.392847 -0.392847 -0.831470
v -0.587937 -0.587937 0.555570
v -0.500000 -0.500000 -0.707107
v -0.500000 -0.500000 0.707107
v -0.587937 -0.587937 -0.555570
v -0.392847 -0.392847 0.831470
v -0.653281 -0.653281 -0.382683
v -0.270598 -0.270598 0.923880
v -0.693519 -0.693519 -0.195090
v -0.392847 -0.587937 -0.707107
v -0.461939 -0.691341 -0.555570
v -0.308658 -0.461939 0.831470
v -0.513280 -0.768177 -0.382683
v -0.212607 -0.318189 0.923880
v -0.544895 -0.815492 -0.195090
v -0.108386 -0.162211 0.980785
v -0.555570 -0.831469 0.000000
v -0.108386 -0.162211 -0.980785
v -0.544895 -0.815492 0.195090
v -0.212607 -0.318189 -0.923880
v -0.513280 -0.768177 0.382683
v -0.308658 -0.461939 -0.831470
v -0.461939 -0.691341 0.555570
v -0.392847 -0.587937 0.707107
v -0.382683 -0.923879 0.000000
v -0.375330 -0.906127 0.195090
v -0.146447 -0.353553 -0.923880
v -0.353553 -0.853553 0.382683
v -0.212607 -0.513280 -0.831470
v -0.318189 -0.768177 0.555570
v -0.270598 -0.653281 -0.707107
v -0.270598 -0.653281 0.707107
v -0.318189 -0.768177 -0.555570
v -0.212607 -0.513279 0.831470
v -0.353553 -0.853553 -0.382683
v -0.146446 -0.353553 0.923880
v -0.375330 -0.906127 -0.195090
v -0.074658 -0.180240 0.980785
v -0.074658 -0.180240 -0.980785
v -0.137950 -0.693520 0.707107
v -0.108386 -0.544895 0.831470
v -0.180240 -0.906127 -0.382683
v -0.074658 -0.375330 0.923880
v -0.191341 -0.961939 -0.195090
v -0.038060 -0.191341 0.980785
v -0.195090 -0.980785 0.000000
v -0.038060 -0.191342 -0.980785
v -0.191341 -0.961939 0.195090
v -0.074658 -0.375330 -0.923880
v -0.180240 -0.906127 0.382683
v -0.108386 -0.544895 -0.831470
v -0.162211 -0.815492 0.555570
v -0.137950 -0.693520 -0.707107
v -0.162211 -0.815492 -0.555570
vt 0.5000 0.5000
vt 0.5957 0.4025
vt 0.5000 0.4025
vt 0.5000 0.3087
vt 0.5190 0.4043
vt 0.5373 0.3123
vt 0.5901 0.3087
vt 0.5000 0.3087
vt 0.5000 0.2222
vt 0.5542 0.2276
vt 0.5811 0.2222
vt 0.5000 0.2222
vt 0.5000 0.1464
vt 0.5690 0.1532
vt 0.5690 0.1464
vt 0.5000 0.1464
vt 0.5000 0.7778
vt 0.5690 0.8536
vt 0.5811 0.7778
vt 0.5542 0.2276
vt 0.5000 0.2222
vt 0.5000 0.6913
vt 0.5901 0.6913
vt 0.5373 0.3123
vt 0.5000 0.3087
vt 0.5000 0.5975
vt 0.5957 0.5975
vt 0.5190 0.4043
vt 0.5000 0.4025
vt 0.5975 0.5000
vt 0.5000 0.4025
vt 0.5000 0.5000
vt 0.5000 0.5000
vt 0.6913 0.5000
vt 0.5373 0.4099
vt 0.5373 0.4099
vt 0.6877 0.4025
vt 0.5732 0.3232
vt 0.6768 0.3087
vt 0.6063 0.2434
vt 0.6591 0.2222
vt 0.6353 0.1734
vt 0.6353 0.1464
vt 0.6591 0.7778
vt 0.6353 0.1734
vt 0.6063 0.2434
vt 0.6768 0.6913
vt 0.5732 0.3232
vt 0.6877 0.5975
vt 0.6964 0.1464
vt 0.6353 0.8536
vt 0.7310 0.7778
vt 0.6964 0.2060
vt 0.6543 0.2690
vt 0.7566 0.6913
vt 0.6063 0.3409
vt 0.7724 0.5975
vt 0.5542 0.4189
vt 0.7778 0.5000
vt 0.5542 0.4189
vt 0.7724 0.4025
vt 0.6063 0.3409
vt 0.7566 0.3087
vt 0.6543 0.2690
vt 0.7310 0.2222
vt 0.6964 0.2060
vt 0.5690 0.4310
vt 0.5690 0.4310
vt 0.8468 0.4025
vt 0.6353 0.3647
vt 0.8266 0.3087
vt 0.6964 0.3036
vt 0.7940 0.2222
vt 0.7500 0.2500
vt 0.7310 0.1543
vt 0.7500 0.2500
vt 0.7310 0.1543
vt 0.7940 0.2060
vt 0.6964 0.3036
vt 0.8266 0.6913
vt 0.6353 0.3647
vt 0.8468 0.5975
vt 0.8536 0.5000
vt 0.7940 0.3036
vt 0.8457 0.2690
vt 0.7310 0.3457
vt 0.7778 0.2060
vt 0.6913 0.2434
vt 0.6913 0.1734
vt 0.6591 0.3937
vt 0.5975 0.1532
vt 0.5975 0.2276
vt 0.5811 0.4458
vt 0.5000 0.1464
vt 0.5000 0.2222
vt 0.5811 0.4458
vt 0.4025 0.2276
vt 0.4025 0.1532
vt 0.6591 0.3937
vt 0.3087 0.2434
vt 0.3087 0.1734
vt 0.7310 0.3457
vt 0.2222 0.2060
vt 0.2222 0.2690
vt 0.7940 0.2060
vt 0.7940 0.3036
vt 0.4025 0.3123
vt 0.6768 0.4268
vt 0.3087 0.3232
vt 0.7566 0.3937
vt 0.2222 0.3409
vt 0.8266 0.3647
vt 0.1464 0.3647
vt 0.1464 0.3036
vt 0.8536 0.3036
vt 0.7778 0.3409
vt 0.7778 0.2690
vt 0.8266 0.3647
vt 0.7566 0.3937
vt 0.6913 0.3232
vt 0.6768 0.4268
vt 0.5975 0.3123
vt 0.5901 0.4627
vt 0.5000 0.3087
vt 0.5901 0.4627
vt 0.8468 0.4310
vt 0.7724 0.4458
vt 0.6913 0.4099
vt 0.6877 0.4627
vt 0.5975 0.4043
vt 0.5957 0.4810
vt 0.5000 0.4025
vt 0.5957 0.4810
vt 0.4025 0.4043
vt 0.6877 0.4627
vt 0.3087 0.4099
vt 0.7724 0.4458
vt 0.2222 0.4189
vt 0.8468 0.4310
vt 0.1464 0.4310
vt 0.8536 0.3647
vt 0.7778 0.4189
vt 0.3087 0.5000
vt 0.7778 0.5000
vt 0.2222 0.5000
vt 0.8536 0.5000
vt 0.1464 0.5000
vt 0.8536 0.4310
vt 0.7778 0.5000
vt 0.8536 0.5000
vt 0.7778 0.5000
vt 0.6913 0.5000
vt 0.6913 0.5000
vt 0.5975 0.5000
vt 0.5975 0.5000
vt 0.5000 0.5000
vt 0.5975 0.5000
vt 0.4025 0.5000
vt 0.6913 0.5000
vt 0.6877 0.5373
vt 0.6913 0.5901
vt 0.5975 0.5957
vt 0.5957 0.5190
vt 0.5000 0.5975
vt 0.5957 0.5190
vt 0.4025 0.5957
vt 0.6877 0.5373
vt 0.3087 0.5901
vt 0.7724 0.5542
vt 0.2222 0.5811
vt 0.8468 0.5690
vt 0.1464 0.5690
vt 0.7778 0.5811
vt 0.8468 0.5690
vt 0.7724 0.5542
vt 0.7566 0.6063
vt 0.3087 0.6768
vt 0.2222 0.6591
vt 0.8266 0.6353
vt 0.1464 0.6353
vt 0.8536 0.5690
vt 0.7778 0.6591
vt 0.7566 0.6063
vt 0.6913 0.6768
vt 0.6768 0.5732
vt 0.5975 0.6877
vt 0.5901 0.5373
vt 0.5000 0.6913
vt 0.5901 0.5373
vt 0.4025 0.6877
vt 0.6768 0.5732
vt 0.6913 0.7566
vt 0.5975 0.7724
vt 0.6591 0.6063
vt 0.5811 0.5542
vt 0.5000 0.7778
vt 0.5811 0.5542
vt 0.4025 0.7724
vt 0.6591 0.6063
vt 0.3087 0.7566
vt 0.7310 0.6543
vt 0.2222 0.7310
vt 0.7940 0.6964
vt 0.1464 0.6964
vt 0.8536 0.6964
vt 0.7778 0.7310
vt 0.7940 0.6964
vt 0.7310 0.6543
vt 0.3087 0.8266
vt 0.2222 0.7940
vt 0.7500 0.7500
vt 0.8457 0.7310
vt 0.7500 0.7500
vt 0.7940 0.7940
vt 0.8457 0.7310
vt 0.6964 0.6964
vt 0.6913 0.8266
vt 0.6353 0.6353
vt 0.5975 0.8468
vt 0.5690 0.5690
vt 0.5000 0.8536
vt 0.5690 0.5690
vt 0.4025 0.8468
vt 0.6353 0.6353
vt 0.6964 0.6964
vt 0.5542 0.5811
vt 0.8468 0.5975
vt 0.7778 0.5000
vt 0.8536 0.5000
vt 0.5542 0.5811
vt 0.7724 0.4025
vt 0.8468 0.4025
vt 0.6063 0.6591
vt 0.7566 0.3087
vt 0.8266 0.3087
vt 0.6543 0.7310
vt 0.7940 0.2222
vt 0.7310 0.2222
vt 0.6964 0.7940
vt 0.7940 0.7940
vt 0.6964 0.7940
vt 0.7310 0.8457
vt 0.6543 0.7310
vt 0.7940 0.7778
vt 0.7566 0.6913
vt 0.8266 0.6913
vt 0.6063 0.6591
vt 0.7724 0.5975
vt 0.6353 0.8266
vt 0.6964 0.1464
vt 0.6591 0.2222
vt 0.6353 0.1464
vt 0.6964 0.8536
vt 0.6591 0.7778
vt 0.7310 0.7778
vt 0.6353 0.8266
vt 0.6063 0.7566
vt 0.6768 0.6913
vt 0.5732 0.6768
vt 0.6877 0.5975
vt 0.5373 0.5901
vt 0.6913 0.5000
vt 0.5373 0.5901
vt 0.6877 0.4025
vt 0.5732 0.6768
vt 0.6768 0.3087
vt 0.6063 0.7566
vt 0.5957 0.5975
vt 0.5975 0.5000
vt 0.5190 0.5957
vt 0.5190 0.5957
vt 0.5957 0.4025
vt 0.5373 0.6877
vt 0.5901 0.3087
vt 0.5542 0.7724
vt 0.5811 0.2222
vt 0.5690 0.8468
vt 0.5690 0.1464
vt 0.5690 0.8536
vt 0.5811 0.7778
vt 0.5542 0.7724
vt 0.5901 0.6913
vt 0.5373 0.6877
vt 0.5000 0.1464
vt 0.5000 0.8536
vt 0.5000 0.7778
vt 0.5000 0.8536
vt 0.5000 0.7778
vt 0.5000 0.6913
vt 0.5000 0.6913
vt 0.5000 0.5975
vt 0.5000 0.5975
vt 0.5000 0.5000
vt 0.5000 0.5975
vt 0.5000 0.4025
vt 0.5000 0.6913
vt 0.5000 0.3087
vt 0.5000 0.7778
vt 0.5000 0.2222
vt 0.4810 0.5957
vt 0.4043 0.4025
vt 0.4627 0.6877
vt 0.4099 0.3087
vt 0.4458 0.7724
vt 0.4189 0.2222
vt 0.4310 0.8468
vt 0.4310 0.1464
vt 0.4310 0.8536
vt 0.4189 0.7778
vt 0.4458 0.7724
vt 0.4099 0.6913
vt 0.4627 0.6877
vt 0.4043 0.5975
vt 0.4025 0.5000
vt 0.4810 0.5957
vt 0.4310 0.8468
vt 0.3937 0.7566
vt 0.3232 0.6913
vt 0.4268 0.6768
vt 0.3123 0.5975
vt 0.4627 0.5901
vt 0.3087 0.5000
vt 0.4627 0.5901
vt 0.3123 0.4025
vt 0.4268 0.6768
vt 0.3232 0.3087
vt 0.3937 0.7566
vt 0.3409 0.2222
vt 0.3647 0.8266
vt 0.3647 0.1464
vt 0.3647 0.8536
vt 0.3409 0.7778
vt 0.3937 0.6591
vt 0.2434 0.3087
vt 0.3457 0.7310
vt 0.2690 0.2222
vt 0.3036 0.7940
vt 0.3036 0.1464
vt 0.3036 0.8536
vt 0.2690 0.7778
vt 0.3647 0.8266
vt 0.3457 0.7310
vt 0.2434 0.6913
vt 0.3937 0.6591
vt 0.2276 0.5975
vt 0.4458 0.5811
vt 0.2222 0.5000
vt 0.4458 0.5811
vt 0.2276 0.4025
vt 0.1734 0.6913
vt 0.3647 0.6353
vt 0.1532 0.5975
vt 0.4310 0.5690
vt 0.1464 0.5000
vt 0.4310 0.5690
vt 0.1532 0.4025
vt 0.3647 0.6353
vt 0.1734 0.3087
vt 0.3036 0.6964
vt 0.2060 0.2222
vt 0.2500 0.7500
vt 0.2690 0.8457
vt 0.2500 0.7500
vt 0.3036 0.7940
vt 0.2690 0.8457
vt 0.2060 0.7940
vt 0.3036 0.6964
vt 0.4025 0.8468
vt 0.3087 0.7566
vt 0.3087 0.8266
vt 0.2690 0.6543
vt 0.2222 0.7940
vt 0.2222 0.7310
vt 0.2060 0.6964
vt 0.2060 0.7940
vt 0.2060 0.6964
vt 0.1543 0.7310
vt 0.2690 0.6543
vt 0.7778 0.7940
vt 0.6913 0.7566
vt 0.6913 0.8266
vt 0.3409 0.6063
vt 0.5975 0.8468
vt 0.5975 0.7724
vt 0.4189 0.5542
vt 0.5000 0.8536
vt 0.5000 0.7778
vt 0.4189 0.5542
vt 0.4025 0.7724
vt 0.3409 0.6063
vt 0.2434 0.6063
vt 0.3232 0.5732
vt 0.6913 0.6768
vt 0.5975 0.6877
vt 0.4099 0.5373
vt 0.5000 0.6913
vt 0.4099 0.5373
vt 0.4025 0.6877
vt 0.3232 0.5732
vt 0.3087 0.6768
vt 0.2434 0.6063
vt 0.2222 0.6591
vt 0.1734 0.6353
vt 0.1464 0.6353
vt 0.1464 0.6964
vt 0.7778 0.7310
vt 0.8536 0.6353
vt 0.7778 0.6591
vt 0.3123 0.5373
vt 0.2276 0.5542
vt 0.3087 0.5901
vt 0.2222 0.5811
vt 0.1532 0.5690
vt 0.1464 0.5690
vt 0.8536 0.5690
vt 0.7778 0.5811
vt 0.1734 0.6353
vt 0.2276 0.5542
vt 0.6913 0.5901
vt 0.3123 0.5373
vt 0.5975 0.5957
vt 0.4043 0.5190
vt 0.5000 0.5975
vt 0.4043 0.5190
vt 0.4025 0.5957
vt 0.6913 0.5000
vt 0.5975 0.5000
vt 0.4025 0.5000
vt 0.5000 0.5000
vt 0.4025 0.5000
vt 0.4025 0.5000
vt 0.3087 0.5000
vt 0.3087 0.5000
vt 0.2222 0.5000
vt 0.2222 0.5000
vt 0.1464 0.5000
vt 0.1464 0.5000
vt 0.8536 0.5000
vt 0.7778 0.5000
vt 0.1532 0.5690
vt 0.2222 0.5000
vt 0.3087 0.5000
vt 0.3087 0.4099
vt 0.2222 0.4189
vt 0.2276 0.4458
vt 0.1532 0.4310
vt 0.1464 0.4310
vt 0.7778 0.4189
vt 0.2276 0.4458
vt 0.6913 0.4099
vt 0.3123 0.4627
vt 0.5975 0.4043
vt 0.4043 0.4810
vt 0.5000 0.4025
vt 0.4043 0.4810
vt 0.4025 0.4043
vt 0.3123 0.4627
vt 0.4099 0.4627
vt 0.5000 0.3087
vt 0.4099 0.4627
vt 0.4025 0.3123
vt 0.3232 0.4268
vt 0.3087 0.3232
vt 0.2434 0.3937
vt 0.2222 0.3409
vt 0.1734 0.3647
vt 0.1464 0.3647
vt 0.8536 0.4310
vt 0.7778 0.3409
vt 0.1532 0.4310
vt 0.2434 0.3937
vt 0.6913 0.3232
vt 0.3232 0.4268
vt 0.5975 0.3123
vt 0.1464 0.3036
vt 0.8536 0.3036
vt 0.7778 0.2690
vt 0.1734 0.3647
vt 0.2690 0.3457
vt 0.6913 0.2434
vt 0.3409 0.3937
vt 0.5975 0.2276
vt 0.4189 0.4458
vt 0.5000 0.2222
vt 0.4189 0.4458
vt 0.4025 0.2276
vt 0.3409 0.3937
vt 0.3087 0.2434
vt 0.2690 0.3457
vt 0.2222 0.2690
vt 0.2060 0.3036
vt 0.4310 0.4310
vt 0.4310 0.4310
vt 0.5000 0.1464
vt 0.4025 0.1532
vt 0.3647 0.3647
vt 0.3087 0.1734
vt 0.3036 0.3036
vt 0.2222 0.2060
vt 0.2500 0.2500
vt 0.1543 0.2690
vt 0.2500 0.2500
vt 0.2060 0.3036
vt 0.1543 0.2690
vt 0.2060 0.2060
vt 0.3036 0.3036
vt 0.6913 0.1734
vt 0.3647 0.3647
vt 0.5975 0.1532
vt 0.3036 0.2060
vt 0.2690 0.1543
vt 0.3457 0.2690
vt 0.2060 0.7778
vt 0.2434 0.6913
vt 0.1734 0.6913
vt 0.3937 0.3409
vt 0.1532 0.5975
vt 0.2276 0.5975
vt 0.4458 0.4189
vt 0.1464 0.5000
vt 0.2222 0.5000
vt 0.4458 0.4189
vt 0.2276 0.4025
vt 0.1532 0.4025
vt 0.3937 0.3409
vt 0.2434 0.3087
vt 0.1734 0.3087
vt 0.3457 0.2690
vt 0.2060 0.2222
vt 0.2690 0.2222
vt 0.2060 0.2060
vt 0.3036 0.2060
vt 0.3087 0.5000
vt 0.3123 0.4025
vt 0.4268 0.3232
vt 0.3232 0.3087
vt 0.3937 0.2434
vt 0.3409 0.2222
vt 0.3647 0.1734
vt 0.3647 0.1464
vt 0.3036 0.1464
vt 0.2690 0.7778
vt 0.3647 0.8536
vt 0.3409 0.7778
vt 0.3647 0.1734
vt 0.3937 0.2434
vt 0.3232 0.6913
vt 0.4268 0.3232
vt 0.3123 0.5975
vt 0.4627 0.4099
vt 0.4627 0.4099
vt 0.4310 0.1532
vt 0.4458 0.2276
vt 0.4099 0.6913
vt 0.4627 0.3123
vt 0.4043 0.5975
vt 0.4810 0.4043
vt 0.4025 0.5000
vt 0.4810 0.4043
vt 0.4043 0.4025
vt 0.4627 0.3123
vt 0.4099 0.3087
vt 0.4458 0.2276
vt 0.4189 0.2222
vt 0.4310 0.1532
vt 0.4310 0.1464
vt 0.4310 0.8536
vt 0.4189 0.7778
vt 0.5000 0.8536
vt 0.5690 0.1532
vt 0.6964 0.8536
vt 0.7940 0.7778
vt 0.8457 0.2690
vt 0.8536 0.6353
vt 0.8266 0.6353
vt 0.7778 0.7940
vt 0.7310 0.8457
vt 0.6353 0.8536
vt 0.5690 0.8468
vt 0.2060 0.7778
vt 0.1543 0.7310
vt 0.8536 0.6964
vt 0.8536 0.3647
vt 0.7778 0.2060
vt 0.2690 0.1543
vt 0.3036 0.8536
vn 0.0975 -0.9904 0.0975
vn 0.0975 -0.9904 0.0976
vn 0.0286 -0.2902 -0.9566
vn 0.0938 -0.9527 0.2890
vn 0.0464 -0.4709 -0.8810
vn 0.0865 -0.8786 0.4696
vn 0.0624 -0.6332 -0.7715
vn 0.0759 -0.7708 0.6326
vn 0.0759 -0.7708 -0.6326
vn 0.0624 -0.6332 0.7715
vn 0.0865 -0.8786 -0.4696
vn 0.0464 -0.4709 0.8810
vn 0.0938 -0.9527 -0.2890
vn 0.0286 -0.2902 0.9566
vn 0.0975 -0.9904 -0.0975
vn 0.0096 -0.0980 -0.9951
vn 0.0097 -0.0980 0.9951
vn 0.2889 -0.9524 -0.0975
vn 0.0286 -0.0942 -0.9951
vn 0.0286 -0.0942 0.9951
vn 0.2889 -0.9524 0.0975
vn 0.2889 -0.9524 0.0976
vn 0.0846 -0.2790 -0.9566
vn 0.2779 -0.9161 0.2890
vn 0.1374 -0.4528 -0.8810
vn 0.2563 -0.8448 0.4696
vn 0.2563 -0.8449 0.4696
vn 0.1847 -0.6088 -0.7715
vn 0.2248 -0.7412 0.6326
vn 0.2248 -0.7412 -0.6326
vn 0.1847 -0.6088 0.7715
vn 0.2563 -0.8449 -0.4696
vn 0.2563 -0.8448 -0.4696
vn 0.1374 -0.4528 0.8810
vn 0.2779 -0.9161 -0.2890
vn 0.0846 -0.2790 0.9566
vn 0.3651 -0.6831 0.6326
vn 0.3651 -0.6831 -0.6326
vn 0.2999 -0.5611 0.7715
vn 0.4162 -0.7786 -0.4696
vn 0.2231 -0.4173 0.8810
vn 0.4513 -0.8443 -0.2890
vn 0.1374 -0.2571 0.9566
vn 0.1375 -0.2571 0.9566
vn 0.1375 -0.2571 0.9565
vn 0.4691 -0.8777 -0.0975
vn 0.4692 -0.8777 -0.0976
vn 0.0464 -0.0869 -0.9951
vn 0.0464 -0.0869 0.9951
vn 0.4691 -0.8777 0.0975
vn 0.4691 -0.8777 0.0976
vn 0.1374 -0.2571 -0.9566
vn 0.4513 -0.8443 0.2890
vn 0.2230 -0.4173 -0.8810
vn 0.4162 -0.7786 0.4696
vn 0.2999 -0.5611 -0.7715
vn 0.0625 -0.0761 -0.9951
vn 0.0625 -0.0761 0.9951
vn 0.6314 -0.7693 0.0975
vn 0.1850 -0.2254 -0.9566
vn 0.6073 -0.7400 0.2890
vn 0.3002 -0.3658 -0.8810
vn 0.5601 -0.6825 0.4696
vn 0.4036 -0.4918 -0.7715
vn 0.4913 -0.5987 0.6326
vn 0.4913 -0.5987 -0.6326
vn 0.4036 -0.4918 0.7715
vn 0.5601 -0.6825 -0.4696
vn 0.3002 -0.3658 0.8810
vn 0.6073 -0.7400 -0.2890
vn 0.1850 -0.2254 0.9566
vn 0.6314 -0.7693 -0.0975
vn 0.5987 -0.4913 -0.6326
vn 0.4918 -0.4036 0.7715
vn 0.6825 -0.5601 -0.4696
vn 0.3658 -0.3002 0.8810
vn 0.7400 -0.6073 -0.2890
vn 0.2254 -0.1850 0.9566
vn 0.7693 -0.6314 -0.0976
vn 0.0761 -0.0625 -0.9951
vn 0.0761 -0.0625 0.9951
vn 0.7693 -0.6314 0.0976
vn 0.2254 -0.1850 -0.9566
vn 0.7400 -0.6073 0.2890
vn 0.3658 -0.3002 -0.8810
vn 0.6825 -0.5601 0.4696
vn 0.4918 -0.4036 -0.7715
vn 0.5987 -0.4913 0.6326
vn 0.8777 -0.4691 0.0976
vn 0.8777 -0.4692 0.0976
vn 0.2571 -0.1374 -0.9566
vn 0.8443 -0.4513 0.2890
vn 0.4173 -0.2231 -0.8810
vn 0.4173 -0.2230 -0.8810
vn 0.7786 -0.4162 0.4696
vn 0.5611 -0.2999 -0.7715
vn 0.6831 -0.3651 0.6326
vn 0.6831 -0.3651 -0.6326
vn 0.5611 -0.2999 0.7715
vn 0.7786 -0.4162 -0.4696
vn 0.4173 -0.2230 0.8810
vn 0.4173 -0.2231 0.8810
vn 0.8443 -0.4513 -0.2890
vn 0.2571 -0.1374 0.9566
vn 0.8777 -0.4691 -0.0976
vn 0.0869 -0.0464 -0.9951
vn 0.0869 -0.0464 0.9951
vn 0.6088 -0.1847 0.7715
vn 0.8448 -0.2563 -0.4696
vn 0.4528 -0.1374 0.8810
vn 0.9161 -0.2779 -0.2890
vn 0.2790 -0.0846 0.9566
vn 0.9524 -0.2889 -0.0975
vn 0.0942 -0.0286 -0.9951
vn 0.0942 -0.0286 0.9951
vn 0.9524 -0.2889 0.0975
vn 0.2790 -0.0846 -0.9566
vn 0.9161 -0.2779 0.2890
vn 0.4528 -0.1374 -0.8810
vn 0.8448 -0.2563 0.4696
vn 0.6088 -0.1847 -0.7715
vn 0.7412 -0.2248 0.6326
vn 0.7412 -0.2248 -0.6326
vn 0.9527 -0.0938 0.2890
vn 0.4709 -0.0464 -0.8810
vn 0.8786 -0.0865 0.4696
vn 0.6332 -0.0624 -0.7715
vn 0.7708 -0.0759 0.6326
vn 0.7708 -0.0759 -0.6326
vn 0.6332 -0.0624 0.7715
vn 0.8786 -0.0865 -0.4696
vn 0.4709 -0.0464 0.8810
vn 0.9527 -0.0938 -0.2890
vn 0.2902 -0.0286 0.9566
vn 0.9904 -0.0975 -0.0975
vn 0.9904 -0.0976 -0.0975
vn 0.0980 -0.0097 -0.9951
vn 0.0980 -0.0097 0.9951
vn 0.9904 -0.0975 0.0975
vn 0.2902 -0.0286 -0.9566
vn 0.4709 0.0464 0.8810
vn 0.9527 0.0938 -0.2890
vn 0.2902 0.0286 0.9566
vn 0.9904 0.0975 -0.0975
vn 0.9904 0.0976 -0.0976
vn 0.0980 0.0097 -0.9951
vn 0.0980 0.0097 0.9951
vn 0.9904 0.0975 0.0975
vn 0.9904 0.0975 0.0976
vn 0.2902 0.0286 -0.9566
vn 0.9527 0.0938 0.2890
vn 0.4709 0.0464 -0.8810
vn 0.8786 0.0865 0.4696
vn 0.6332 0.0624 -0.7715
vn 0.7708 0.0759 0.6326
vn 0.7708 0.0759 -0.6326
vn 0.6332 0.0624 0.7715
vn 0.8786 0.0865 -0.4696
vn 0.4528 0.1374 -0.8810
vn 0.8448 0.2563 0.4696
vn 0.6088 0.1847 -0.7715
vn 0.7412 0.2248 0.6326
vn 0.7412 0.2248 -0.6326
vn 0.6088 0.1847 0.7715
vn 0.8448 0.2563 -0.4696
vn 0.4528 0.1374 0.8810
vn 0.9161 0.2779 -0.2890
vn 0.2790 0.0846 0.9566
vn 0.9524 0.2889 -0.0976
vn 0.9524 0.2889 -0.0975
vn 0.0942 0.0286 -0.9951
vn 0.0942 0.0286 0.9951
vn 0.9524 0.2889 0.0976
vn 0.2790 0.0846 -0.9566
vn 0.9161 0.2779 0.2890
vn 0.8443 0.4513 -0.2890
vn 0.2571 0.1374 0.9566
vn 0.8777 0.4691 -0.0976
vn 0.0869 0.0464 -0.9951
vn 0.0869 0.0464 0.9951
vn 0.8777 0.4691 0.0976
vn 0.2571 0.1374 -0.9566
vn 0.8443 0.4513 0.2890
vn 0.4173 0.2231 -0.8810
vn 0.4173 0.2230 -0.8810
vn 0.7786 0.4162 0.4696
vn 0.5611 0.2999 -0.7715
vn 0.6831 0.3651 0.6326
vn 0.6831 0.3651 -0.6326
vn 0.5611 0.2999 0.7715
vn 0.7786 0.4162 -0.4696
vn 0.4173 0.2230 0.8810
vn 0.6825 0.5601 0.4696
vn 0.4918 0.4036 -0.7715
vn 0.5987 0.4913 0.6326
vn 0.5987 0.4913 -0.6326
vn 0.4918 0.4036 0.7715
vn 0.6825 0.5601 -0.4696
vn 0.3658 0.3002 0.8810
vn 0.7400 0.6073 -0.2890
vn 0.2254 0.1850 0.9565
vn 0.2254 0.1850 0.9566
vn 0.7693 0.6314 -0.0976
vn 0.0761 0.0625 -0.9951
vn 0.0761 0.0625 0.9951
vn 0.7693 0.6314 0.0976
vn 0.2254 0.1850 -0.9566
vn 0.7400 0.6073 0.2890
vn 0.3658 0.3002 -0.8810
vn 0.1850 0.2254 0.9566
vn 0.6314 0.7693 -0.0976
vn 0.0625 0.0761 -0.9951
vn 0.0625 0.0761 0.9951
vn 0.6314 0.7693 0.0976
vn 0.1850 0.2254 -0.9566
vn 0.6073 0.7400 0.2890
vn 0.3002 0.3658 -0.8810
vn 0.5601 0.6825 0.4696
vn 0.4036 0.4918 -0.7715
vn 0.4913 0.5987 0.6326
vn 0.4913 0.5987 -0.6326
vn 0.4036 0.4918 0.7715
vn 0.5601 0.6825 -0.4696
vn 0.3002 0.3658 0.8810
vn 0.6073 0.7400 -0.2890
vn 0.2999 0.5611 -0.7715
vn 0.3651 0.6831 0.6326
vn 0.3651 0.6831 -0.6326
vn 0.2999 0.5611 0.7715
vn 0.4162 0.7786 -0.4696
vn 0.2231 0.4173 0.8810
vn 0.4513 0.8443 -0.2890
vn 0.1374 0.2571 0.9566
vn 0.4691 0.8777 -0.0976
vn 0.0464 0.0869 -0.9951
vn 0.0464 0.0869 0.9951
vn 0.4691 0.8777 0.0976
vn 0.4692 0.8777 0.0975
vn 0.1374 0.2571 -0.9566
vn 0.4513 0.8443 0.2890
vn 0.2231 0.4173 -0.8810
vn 0.4162 0.7786 0.4696
vn 0.2889 0.9524 -0.0975
vn 0.2889 0.9524 -0.0976
vn 0.0286 0.0942 -0.9951
vn 0.0286 0.0942 0.9951
vn 0.2889 0.9524 0.0975
vn 0.0846 0.2790 -0.9566
vn 0.2779 0.9161 0.2890
vn 0.1374 0.4528 -0.8810
vn 0.2563 0.8448 0.4696
vn 0.1847 0.6088 -0.7715
vn 0.2248 0.7412 0.6326
vn 0.2248 0.7412 -0.6326
vn 0.1847 0.6088 0.7715
vn 0.2563 0.8448 -0.4696
vn 0.1374 0.4528 0.8810
vn 0.2779 0.9161 -0.2890
vn 0.0846 0.2790 0.9566
vn 0.0759 0.7708 0.6326
vn 0.0759 0.7708 -0.6326
vn 0.0624 0.6332 0.7715
vn 0.0865 0.8786 -0.4696
vn 0.0464 0.4709 0.8810
vn 0.0938 0.9527 -0.2890
vn 0.0286 0.2902 0.9566
vn 0.0975 0.9904 -0.0976
vn 0.0097 0.0980 -0.9951
vn 0.0097 0.0980 0.9951
vn 0.0975 0.9904 0.0976
vn 0.0286 0.2902 -0.9566
vn 0.0938 0.9527 0.2890
vn 0.0464 0.4709 -0.8810
vn 0.0865 0.8786 0.4696
vn 0.0624 0.6332 -0.7715
vn -0.0097 0.0980 0.9951
vn -0.0975 0.9904 0.0976
vn -0.0286 0.2902 -0.9566
vn -0.0938 0.9527 0.2890
vn -0.0464 0.4709 -0.8810
vn -0.0865 0.8786 0.4696
vn -0.0624 0.6332 -0.7715
vn -0.0759 0.7708 0.6326
vn -0.0759 0.7708 -0.6326
vn -0.0624 0.6332 0.7715
vn -0.0865 0.8786 -0.4696
vn -0.0464 0.4709 0.8810
vn -0.0938 0.9527 -0.2890
vn -0.0286 0.2902 0.9566
vn -0.0975 0.9904 -0.0976
vn -0.0097 0.0980 -0.9951
vn -0.1847 0.6088 0.7715
vn -0.2563 0.8448 -0.4696
vn -0.1374 0.4528 0.8810
vn -0.2779 0.9161 -0.2890
vn -0.0846 0.2790 0.9566
vn -0.2889 0.9524 -0.0976
vn -0.0286 0.0942 -0.9951
vn -0.0286 0.0942 0.9951
vn -0.2889 0.9524 0.0976
vn -0.0846 0.2790 -0.9566
vn -0.2779 0.9161 0.2890
vn -0.1374 0.4528 -0.8810
vn -0.2563 0.8448 0.4696
vn -0.1847 0.6088 -0.7715
vn -0.2248 0.7412 0.6326
vn -0.2248 0.7412 -0.6326
vn -0.1374 0.2571 -0.9566
vn -0.4513 0.8443 0.2890
vn -0.2231 0.4173 -0.8810
vn -0.4162 0.7786 0.4696
vn -0.2999 0.5611 -0.7715
vn -0.3651 0.6831 0.6326
vn -0.3651 0.6831 -0.6326
vn -0.2999 0.5611 0.7715
vn -0.4162 0.7786 -0.4696
vn -0.2231 0.4173 0.8810
vn -0.4513 0.8443 -0.2890
vn -0.1374 0.2571 0.9566
vn -0.4691 0.8777 -0.0976
vn -0.4692 0.8777 -0.0976
vn -0.0464 0.0869 -0.9951
vn -0.0464 0.0869 0.9951
vn -0.4691 0.8777 0.0976
vn -0.5601 0.6825 -0.4696
vn -0.3002 0.3658 0.8810
vn -0.6073 0.7400 -0.2890
vn -0.1850 0.2254 0.9566
vn -0.6314 0.7693 -0.0976
vn -0.0625 0.0761 -0.9951
vn -0.0625 0.0761 0.9951
vn -0.6314 0.7693 0.0976
vn -0.1850 0.2254 -0.9566
vn -0.6073 0.7400 0.2890
vn -0.3002 0.3658 -0.8810
vn -0.5601 0.6825 0.4696
vn -0.4036 0.4918 -0.7715
vn -0.4913 0.5987 0.6326
vn -0.4913 0.5987 -0.6326
vn -0.4036 0.4918 0.7715
vn -0.7400 0.6073 0.2890
vn -0.3658 0.3002 -0.8810
vn -0.6825 0.5601 0.4696
vn -0.4918 0.4036 -0.7715
vn -0.5987 0.4913 0.6326
vn -0.5987 0.4913 -0.6326
vn -0.4918 0.4036 0.7715
vn -0.6825 0.5601 -0.4696
vn -0.3658 0.3002 0.8810
vn -0.7400 0.6073 -0.2890
vn -0.2254 0.1850 0.9566
vn -0.2254 0.1850 0.9565
vn -0.7693 0.6314 -0.0976
vn -0.0761 0.0625 -0.9951
vn -0.0761 0.0625 0.9951
vn -0.7693 0.6314 0.0976
vn -0.2254 0.1850 -0.9566
vn -0.4173 0.2230 0.8810
vn -0.8443 0.4513 -0.2890
vn -0.2571 0.1374 0.9566
vn -0.8777 0.4691 -0.0976
vn -0.8777 0.4692 -0.0976
vn -0.0869 0.0464 -0.9951
vn -0.0869 0.0464 0.9951
vn -0.8777 0.4691 0.0976
vn -0.2571 0.1374 -0.9566
vn -0.8443 0.4513 0.2890
vn -0.4173 0.2230 -0.8810
vn -0.7786 0.4162 0.4696
vn -0.5611 0.2999 -0.7715
vn -0.6831 0.3651 0.6326
vn -0.6831 0.3651 -0.6326
vn -0.5611 0.2999 0.7715
vn -0.7786 0.4162 -0.4696
vn -0.4528 0.1374 -0.8810
vn -0.8448 0.2563 0.4696
vn -0.6088 0.1847 -0.7715
vn -0.7412 0.2248 0.6326
vn -0.7412 0.2248 -0.6326
vn -0.6088 0.1847 0.7715
vn -0.8448 0.2563 -0.4696
vn -0.4528 0.1374 0.8810
vn -0.9161 0.2779 -0.2890
vn -0.2790 0.0846 0.9566
vn -0.9524 0.2889 -0.0976
vn -0.0942 0.0286 -0.9951
vn -0.0942 0.0286 0.9951
vn -0.9524 0.2889 0.0976
vn -0.2790 0.0846 -0.9566
vn -0.9161 0.2779 0.2890
vn -0.9527 0.0938 -0.2890
vn -0.2902 0.0286 0.9566
vn -0.9904 0.0976 -0.0976
vn -0.0980 0.0097 -0.9951
vn -0.0980 0.0097 0.9951
vn -0.9904 0.0976 0.0976
vn -0.2902 0.0286 -0.9566
vn -0.9527 0.0938 0.2890
vn -0.4709 0.0464 -0.8810
vn -0.8786 0.0865 0.4696
vn -0.6332 0.0624 -0.7715
vn -0.7708 0.0759 0.6326
vn -0.7708 0.0759 -0.6326
vn -0.6332 0.0624 0.7715
vn -0.8786 0.0865 -0.4696
vn -0.4709 0.0464 0.8810
vn -0.8786 -0.0865 0.4696
vn -0.6332 -0.0624 -0.7715
vn -0.7708 -0.0759 0.6326
vn -0.7708 -0.0759 -0.6326
vn -0.6332 -0.0624 0.7715
vn -0.8786 -0.0865 -0.4696
vn -0.4709 -0.0464 0.8810
vn -0.9527 -0.0938 -0.2890
vn -0.2902 -0.0286 0.9566
vn -0.9904 -0.0976 -0.0976
vn -0.0980 -0.0097 -0.9951
vn -0.0980 -0.0097 0.9951
vn -0.9904 -0.0976 0.0976
vn -0.2902 -0.0286 -0.9566
vn -0.9527 -0.0938 0.2890
vn -0.4709 -0.0464 -0.8810
vn -0.2790 -0.0846 0.9566
vn -0.9524 -0.2889 -0.0976
vn -0.0942 -0.0286 -0.9951
vn -0.0942 -0.0286 0.9951
vn -0.9524 -0.2889 0.0976
vn -0.9524 -0.2889 0.0975
vn -0.2790 -0.0846 -0.9566
vn -0.9161 -0.2779 0.2890
vn -0.4528 -0.1374 -0.8810
vn -0.8448 -0.2563 0.4696
vn -0.6088 -0.1847 -0.7715
vn -0.7412 -0.2248 0.6326
vn -0.7412 -0.2248 -0.6326
vn -0.6088 -0.1847 0.7715
vn -0.8448 -0.2563 -0.4696
vn -0.4528 -0.1374 0.8810
vn -0.9161 -0.2779 -0.2890
vn -0.6831 -0.3651 0.6326
vn -0.6831 -0.3651 -0.6326
vn -0.5611 -0.2999 0.7715
vn -0.7786 -0.4162 -0.4696
vn -0.4173 -0.2230 0.8810
vn -0.4173 -0.2231 0.8810
vn -0.8443 -0.4513 -0.2890
vn -0.2571 -0.1374 0.9566
vn -0.8777 -0.4691 -0.0975
vn -0.0869 -0.0464 -0.9951
vn -0.0869 -0.0464 0.9951
vn -0.8777 -0.4691 0.0975
vn -0.2571 -0.1374 -0.9566
vn -0.8443 -0.4513 0.2890
vn -0.4173 -0.2230 -0.8810
vn -0.7786 -0.4162 0.4696
vn -0.5611 -0.2999 -0.7715
vn -0.0761 -0.0625 -0.9951
vn -0.0761 -0.0625 0.9951
vn -0.7693 -0.6314 0.0975
vn -0.7693 -0.6314 0.0976
vn -0.2254 -0.1850 -0.9566
vn -0.7400 -0.6073 0.2890
vn -0.3658 -0.3002 -0.8810
vn -0.6825 -0.5601 0.4696
vn -0.4918 -0.4036 -0.7715
vn -0.5987 -0.4913 0.6326
vn -0.5987 -0.4913 -0.6326
vn -0.4918 -0.4036 0.7715
vn -0.6825 -0.5601 -0.4696
vn -0.3658 -0.3002 0.8810
vn -0.7400 -0.6073 -0.2890
vn -0.2254 -0.1850 0.9566
vn -0.7693 -0.6314 -0.0975
vn -0.4913 -0.5987 -0.6326
vn -0.4036 -0.4918 0.7715
vn -0.5601 -0.6825 -0.4696
vn -0.3002 -0.3658 0.8810
vn -0.6073 -0.7400 -0.2890
vn -0.1850 -0.2254 0.9566
vn -0.6314 -0.7693 -0.0976
vn -0.0625 -0.0761 -0.9951
vn -0.0625 -0.0761 0.9951
vn -0.6314 -0.7693 0.0976
vn -0.1850 -0.2254 -0.9566
vn -0.6073 -0.7400 0.2890
vn -0.3002 -0.3658 -0.8810
vn -0.5601 -0.6825 0.4696
vn -0.4036 -0.4918 -0.7715
vn -0.4913 -0.5987 0.6326
vn -0.4691 -0.8777 0.0976
vn -0.4692 -0.8777 0.0975
vn -0.1375 -0.2571 -0.9565
vn -0.1374 -0.2571 -0.9566
vn -0.4513 -0.8443 0.2890
vn -0.2231 -0.4173 -0.8810
vn -0.4162 -0.7786 0.4696
vn -0.2999 -0.5611 -0.7715
vn -0.3651 -0.6831 0.6326
vn -0.3651 -0.6831 -0.6326
vn -0.2999 -0.5611 0.7715
vn -0.4162 -0.7786 -0.4696
vn -0.2231 -0.4173 0.8810
vn -0.2230 -0.4173 0.8810
vn -0.4513 -0.8443 -0.2890
vn -0.1374 -0.2571 0.9566
vn -0.4691 -0.8777 -0.0976
vn -0.0464 -0.0869 -0.9951
vn -0.0464 -0.0869 0.9951
vn -0.1847 -0.6088 0.7715
vn -0.2563 -0.8448 -0.4696
vn -0.1374 -0.4528 0.8810
vn -0.2779 -0.9161 -0.2890
vn -0.0846 -0.2790 0.9566
vn -0.2889 -0.9524 -0.0976
vn -0.2889 -0.9524 -0.0975
vn -0.0286 -0.0942 -0.9951
vn -0.0286 -0.0942 0.9951
vn -0.2889 -0.9524 0.0976
vn -0.0846 -0.2790 -0.9566
vn -0.2779 -0.9161 0.2890
vn -0.1374 -0.4528 -0.8810
vn -0.2563 -0.8448 0.4696
vn -0.1847 -0.6088 -0.7715
vn -0.2248 -0.7412 0.6326
vn -0.2248 -0.7412 -0.6326
vn -0.0286 -0.2902 -0.9566
vn -0.0938 -0.9527 0.2890
vn -0.0464 -0.4709 -0.8810
vn -0.0865 -0.8786 0.4696
vn -0.0624 -0.6332 -0.7715
vn -0.0759 -0.7708 0.6326
vn -0.0759 -0.7708 -0.6326
vn -0.0624 -0.6332 0.7715
vn -0.0865 -0.8786 -0.4696
vn -0.0464 -0.4709 0.8810
vn -0.0938 -0.9527 -0.2890
vn -0.0286 -0.2902 0.9566
vn -0.0975 -0.9904 -0.0976
vn -0.0096 -0.0980 -0.9951
vn -0.0097 -0.0980 0.9951
vn -0.0975 -0.9904 0.0976
vn 0.0975 -0.9904 -0.0976
vn 0.2889 -0.9524 -0.0976
vn 0.2230 -0.4173 0.8810
vn 0.4692 -0.8777 0.0975
vn 0.6314 -0.7693 0.0976
vn 0.6314 -0.7693 -0.0976
vn 0.8777 -0.4691 0.0975
vn 0.8777 -0.4692 -0.0975
vn 0.9904 -0.0975 -0.0976
vn 0.9904 -0.0976 0.0976
vn 0.9904 0.0976 0.0975
vn 0.9524 0.2889 0.0975
vn 0.4692 0.8777 -0.0975
vn 0.2889 0.9524 0.0976
vn -0.4692 0.8777 0.0976
vn -0.4173 0.2231 0.8810
vn -0.9524 -0.2889 -0.0975
vn -0.7693 -0.6314 -0.0976
vn -0.4692 -0.8777 -0.0975
f 1/1/1 2/2/1 3/3/2
f 4/4/3 5/5/3 6/6/3
f 3/3/4 7/7/4 8/8/4
f 9/9/5 6/6/5 10/10/5
f 8/8/6 11/11/6 12/12/6
f 13/13/7 10/10/7 14/14/7
f 12/12/8 15/15/8 16/16/8
f 17/17/9 14/18/9 18/19/9
f 16/16/10 19/20/10 20/21/10
f 21/22/11 18/19/11 22/23/11
f 20/21/12 23/24/12 24/25/12
f 25/26/13 22/23/13 26/27/13
f 24/25/14 27/28/14 28/29/14
f 1/1/15 26/27/15 29/30/15
f 30/31/16 31/32/16 5/5/16
f 32/33/17 28/29/17 27/28/17
f 26/27/18 33/34/18 29/30/18
f 5/5/19 31/32/19 34/35/19
f 32/33/20 27/28/20 35/36/20
f 2/2/21 33/34/21 36/37/22
f 5/5/23 37/38/23 6/6/23
f 2/2/24 38/39/24 7/7/24
f 6/6/25 39/40/25 10/10/25
f 7/7/26 40/41/26 11/11/27
f 10/10/28 41/42/28 14/14/28
f 15/15/29 40/41/29 42/43/29
f 14/18/30 43/44/30 18/19/30
f 19/20/31 42/45/31 44/46/31
f 18/19/32 45/47/32 22/23/33
f 19/20/34 46/48/34 23/24/34
f 22/23/35 47/49/35 26/27/35
f 27/28/36 46/48/36 35/36/36
f 40/41/37 48/50/37 42/43/37
f 41/51/38 49/52/38 43/44/38
f 44/46/39 48/53/39 50/54/39
f 43/44/40 51/55/40 45/47/40
f 46/48/41 50/54/41 52/56/41
f 45/47/42 53/57/42 47/49/42
f 46/48/43 54/58/44 35/36/45
f 47/49/46 55/59/46 33/34/47
f 34/35/48 31/32/48 56/60/48
f 32/33/49 35/36/49 54/58/49
f 33/34/50 57/61/50 36/37/51
f 34/35/52 58/62/52 37/38/52
f 36/37/53 59/63/53 38/39/53
f 37/38/54 60/64/54 39/40/54
f 40/41/55 59/63/55 61/65/55
f 39/40/56 62/66/56 41/42/56
f 56/60/57 31/32/57 63/67/57
f 32/33/58 54/58/58 64/68/58
f 55/59/59 65/69/59 57/61/59
f 58/62/60 63/67/60 66/70/60
f 57/61/61 67/71/61 59/63/61
f 58/62/62 68/72/62 60/64/62
f 61/65/63 67/71/63 69/73/63
f 60/64/64 70/74/64 62/66/64
f 61/75/65 71/76/65 48/53/65
f 49/77/66 70/74/66 72/78/66
f 48/53/67 73/79/67 50/54/67
f 49/52/68 74/80/68 51/55/68
f 50/54/69 75/81/69 52/56/69
f 51/55/70 76/82/70 53/57/70
f 52/56/71 64/68/71 54/58/71
f 53/57/72 77/83/72 55/59/72
f 72/78/73 78/84/73 79/85/73
f 71/76/74 80/86/74 73/79/74
f 72/87/75 81/88/75 74/89/75
f 73/79/76 82/90/76 75/81/76
f 76/91/77 81/88/77 83/92/77
f 64/68/78 82/90/78 84/93/78
f 77/94/79 83/92/79 85/95/79
f 63/67/80 31/32/80 86/96/80
f 32/33/81 64/68/81 84/93/81
f 77/94/82 87/97/82 65/98/82
f 63/67/83 88/99/83 66/70/83
f 65/98/84 89/100/84 67/101/84
f 66/70/85 90/102/85 68/72/85
f 69/103/86 89/100/86 91/104/86
f 68/72/87 78/84/87 70/74/87
f 69/105/88 92/106/88 71/76/88
f 85/95/89 93/107/89 87/97/90
f 86/96/91 94/108/91 88/99/91
f 87/97/92 95/109/92 89/100/92
f 88/99/93 96/110/94 90/102/94
f 91/104/95 95/109/95 97/111/95
f 90/102/96 98/112/96 78/84/96
f 91/104/97 99/113/97 92/114/97
f 78/115/98 100/116/98 79/117/98
f 80/86/99 99/118/99 101/119/99
f 79/117/100 102/120/100 81/88/100
f 80/86/101 103/121/102 82/90/102
f 83/92/103 102/120/103 104/122/103
f 82/90/104 105/123/104 84/93/104
f 83/92/105 106/124/105 85/95/105
f 86/96/106 31/32/106 107/125/106
f 32/33/107 84/93/107 105/123/107
f 101/119/108 108/126/108 109/127/108
f 100/116/109 110/128/109 102/120/109
f 101/119/110 111/129/110 103/121/110
f 104/122/111 110/128/111 112/130/111
f 103/121/112 113/131/112 105/123/112
f 104/122/113 114/132/113 106/124/113
f 107/125/114 31/32/114 115/133/114
f 32/33/115 105/123/115 113/131/115
f 106/124/116 116/134/116 93/107/116
f 107/125/117 117/135/117 94/108/117
f 93/107/118 118/136/118 95/109/118
f 94/108/119 119/137/119 96/110/119
f 97/111/120 118/136/120 120/138/120
f 96/110/121 121/139/121 98/112/121
f 99/113/122 120/138/122 108/140/122
f 98/141/123 122/142/123 100/116/123
f 116/134/124 123/143/124 118/136/124
f 117/135/125 124/144/125 119/137/125
f 120/138/126 123/143/126 125/145/126
f 119/137/127 126/146/127 121/139/127
f 108/140/128 125/145/128 127/147/128
f 121/148/129 128/149/129 122/142/129
f 109/127/130 127/150/130 129/151/130
f 122/142/131 130/152/131 110/128/131
f 109/127/132 131/153/132 111/129/132
f 112/130/133 130/152/133 132/154/133
f 113/131/134 131/153/134 133/155/134
f 112/130/135 134/156/135 114/132/136
f 115/133/137 31/32/137 135/157/137
f 32/33/138 113/131/138 133/155/138
f 114/132/139 136/158/139 116/134/139
f 115/133/140 137/159/140 117/135/140
f 129/151/141 138/160/141 131/153/141
f 132/154/142 139/161/142 140/162/142
f 131/153/143 141/163/143 133/155/143
f 132/154/144 142/164/144 134/156/145
f 135/157/146 31/32/146 143/165/146
f 32/33/147 133/155/147 141/163/147
f 134/156/148 144/166/148 136/158/149
f 135/157/150 145/167/150 137/159/150
f 136/158/151 146/168/151 123/143/151
f 137/159/152 147/169/152 124/144/152
f 125/145/153 146/168/153 148/170/153
f 124/144/154 149/171/154 126/146/154
f 125/145/155 150/172/155 127/147/155
f 126/146/156 151/173/156 128/149/156
f 129/151/157 150/174/157 152/175/157
f 128/149/158 139/161/158 130/152/158
f 145/167/159 153/176/159 147/169/159
f 148/170/160 154/177/160 155/178/160
f 149/171/161 153/176/161 156/179/161
f 148/170/162 157/180/162 150/172/162
f 149/181/163 158/182/163 151/173/163
f 150/174/164 159/183/164 152/175/164
f 151/173/165 160/184/165 139/161/165
f 152/175/166 161/185/166 138/160/166
f 140/162/167 160/184/167 162/186/167
f 141/163/168 161/185/168 163/187/168
f 140/162/169 164/188/169 142/164/170
f 143/165/171 31/32/171 165/189/171
f 32/33/172 141/163/172 163/187/172
f 144/166/173 164/188/173 166/190/173
f 143/165/174 167/191/174 145/167/174
f 144/166/175 154/177/175 146/168/175
f 162/186/176 168/192/176 169/193/176
f 163/187/177 170/194/177 171/195/177
f 162/186/178 172/196/178 164/188/178
f 165/189/179 31/32/179 173/197/179
f 32/33/180 163/187/180 171/195/180
f 166/190/181 172/196/181 174/198/181
f 165/189/182 175/199/182 167/191/182
f 166/190/183 176/200/183 154/177/183
f 167/191/184 177/201/185 153/176/185
f 155/178/186 176/200/186 178/202/186
f 153/176/187 179/203/187 156/179/187
f 155/178/188 180/204/188 157/180/188
f 158/182/189 179/205/189 181/206/189
f 159/183/190 180/207/190 182/208/190
f 158/182/191 168/192/191 160/184/191
f 159/183/192 170/194/192 161/185/192
f 178/202/193 183/209/193 184/210/193
f 177/201/194 185/211/194 179/203/194
f 178/212/195 186/213/195 180/207/195
f 179/203/196 187/214/196 181/215/196
f 182/208/197 186/213/197 188/216/197
f 181/206/198 189/217/198 168/192/198
f 170/194/199 188/216/199 190/218/199
f 169/193/200 189/217/200 191/219/200
f 171/195/201 190/218/202 192/220/201
f 169/193/203 193/221/203 172/196/203
f 173/197/204 31/32/204 194/222/204
f 32/33/205 171/195/205 192/220/205
f 172/196/206 195/223/206 174/198/206
f 173/197/207 196/224/207 175/199/207
f 174/198/208 183/209/208 176/200/208
f 175/199/209 197/225/209 177/201/209
f 190/218/210 198/226/210 192/220/210
f 191/227/211 199/228/211 193/229/211
f 194/222/212 31/32/212 200/230/212
f 32/33/213 192/220/213 198/226/213
f 193/229/214 201/231/214 195/232/214
f 194/222/215 202/233/215 196/224/215
f 195/232/216 203/234/216 183/235/216
f 196/224/217 204/236/217 197/225/217
f 184/237/218 203/234/218 205/238/218
f 197/225/219 206/239/219 185/211/219
f 184/240/220 207/241/220 186/213/220
f 187/214/221 206/239/221 208/242/221
f 186/213/222 209/243/222 188/216/222
f 187/244/223 210/245/223 189/246/223
f 190/218/224 209/243/224 211/247/224
f 191/227/225 210/245/225 212/248/225
f 204/236/226 213/249/226 206/239/226
f 207/250/227 214/251/227 215/252/227
f 206/253/228 216/254/228 208/255/228
f 209/243/229 215/256/229 217/257/229
f 208/255/230 218/258/230 210/245/230
f 211/247/231 217/257/231 219/259/231
f 212/248/232 218/258/232 220/260/232
f 198/226/233 219/259/233 221/261/233
f 212/248/234 222/262/234 199/228/234
f 200/230/235 31/32/235 223/263/235
f 32/33/236 198/226/236 221/261/236
f 201/231/237 222/262/237 224/264/238
f 200/230/239 225/265/239 202/233/239
f 201/231/240 226/266/240 203/234/240
f 202/233/241 227/267/241 204/236/241
f 205/238/242 226/266/242 214/251/242
f 222/262/243 228/268/243 229/269/244
f 223/263/245 31/32/245 230/270/245
f 32/33/246 221/261/246 231/271/246
f 222/262/247 232/272/247 224/264/247
f 223/263/248 233/273/248 225/265/248
f 224/264/249 234/274/249 226/266/249
f 227/267/250 233/273/250 235/275/250
f 214/251/251 234/274/251 236/276/251
f 213/249/252 235/275/252 237/277/252
f 215/252/253 236/276/253 238/278/253
f 216/254/254 237/279/254 239/280/254
f 215/256/255 240/281/255 217/257/255
f 216/254/256 241/282/256 218/258/256
f 217/257/257 242/283/257 219/259/257
f 220/260/258 241/282/258 228/268/258
f 219/259/259 231/271/259 221/261/259
f 236/276/260 243/284/260 238/278/260
f 239/280/261 244/285/261 245/286/261
f 240/281/262 243/287/262 246/288/262
f 239/280/263 247/289/263 241/282/263
f 242/283/264 246/288/264 248/290/264
f 228/268/265 247/289/265 249/291/265
f 231/271/266 248/290/266 250/292/266
f 228/268/267 251/293/267 229/269/267
f 230/270/268 31/32/268 252/294/268
f 32/33/269 231/271/269 250/292/269
f 229/269/270 253/295/270 232/272/270
f 230/270/271 254/296/271 233/273/271
f 232/272/272 255/297/272 234/274/272
f 235/275/273 254/296/273 256/298/273
f 236/276/274 255/297/274 257/299/274
f 237/277/275 256/298/275 244/285/275
f 32/33/276 250/292/276 258/300/276
f 251/293/277 259/301/277 253/295/277
f 252/294/278 260/302/278 254/296/278
f 253/295/279 261/303/279 255/297/279
f 254/296/280 262/304/280 256/298/280
f 257/299/281 261/303/281 263/305/281
f 244/285/282 262/304/282 264/306/282
f 257/299/283 265/307/283 243/284/283
f 245/286/284 264/308/284 266/309/284
f 243/287/285 267/310/285 246/288/285
f 245/286/286 268/311/286 247/289/286
f 246/288/287 269/312/287 248/290/287
f 249/291/288 268/311/288 270/313/288
f 250/292/289 269/312/289 258/300/289
f 249/291/290 271/314/290 251/293/290
f 252/294/291 31/32/291 272/315/291
f 265/316/292 273/317/292 267/310/292
f 266/309/293 274/318/293 268/311/293
f 269/312/294 273/317/294 275/319/294
f 270/313/295 274/318/295 276/320/295
f 258/300/296 275/319/296 277/321/296
f 270/313/297 278/322/297 271/314/297
f 272/315/298 31/32/298 279/323/298
f 32/33/299 258/300/299 277/321/299
f 271/314/300 280/324/300 259/301/300
f 272/315/301 281/325/301 260/302/301
f 259/301/302 282/326/302 261/303/302
f 260/302/303 283/327/303 262/304/303
f 263/305/304 282/326/304 284/328/304
f 264/306/305 283/327/305 285/329/305
f 263/305/306 286/330/306 265/307/306
f 266/309/307 285/331/307 287/332/307
f 279/323/308 288/333/308 281/325/308
f 280/324/309 289/334/309 282/326/309
f 281/325/310 290/335/310 283/327/310
f 284/328/311 289/334/311 291/336/311
f 285/329/312 290/335/312 292/337/312
f 284/328/313 293/338/313 286/330/313
f 287/332/314 292/339/314 294/340/314
f 286/341/315 295/342/315 273/317/315
f 287/332/316 296/343/316 274/318/316
f 275/319/317 295/342/317 297/344/317
f 276/320/318 296/343/318 298/345/318
f 277/321/319 297/344/319 299/346/319
f 276/320/320 300/347/320 278/322/321
f 279/323/322 31/32/322 301/348/322
f 32/33/323 277/321/323 299/346/323
f 278/322/324 302/349/324 280/324/324
f 294/340/325 303/350/325 296/343/325
f 295/342/326 304/351/326 297/344/326
f 298/345/327 303/350/327 305/352/327
f 297/344/328 306/353/328 299/346/328
f 300/347/329 305/352/329 307/354/329
f 301/348/330 31/32/330 308/355/330
f 32/33/331 299/346/331 306/353/331
f 300/347/332 309/356/332 302/349/332
f 288/333/333 308/355/333 310/357/333
f 302/349/334 311/358/334 289/334/334
f 288/333/335 312/359/335 290/335/335
f 291/336/336 311/358/336 313/360/336
f 292/337/337 312/359/337 314/361/337
f 291/362/338 315/363/338 293/364/338
f 294/365/339 314/361/339 316/366/339
f 293/364/340 317/367/340 295/342/340
f 309/368/341 318/369/341 311/370/341
f 310/357/342 319/371/342 312/359/342
f 313/372/343 318/369/343 320/373/343
f 312/359/344 321/374/344 314/361/344
f 313/375/345 322/376/345 315/363/345
f 316/366/346 321/374/346 323/377/346
f 315/363/347 324/378/347 317/367/347
f 316/379/348 325/380/348 303/381/348
f 304/351/349 324/378/349 326/382/349
f 305/383/350 325/380/350 327/384/350
f 304/351/351 328/385/352 306/353/352
f 307/386/353 327/384/353 329/387/353
f 308/355/354 31/32/354 330/388/354
f 32/33/355 306/353/355 328/385/355
f 307/386/356 331/389/356 309/368/356
f 308/355/357 332/390/357 310/357/357
f 326/382/358 333/391/358 334/392/358
f 327/384/359 335/393/359 336/394/359
f 328/385/360 334/392/360 337/395/360
f 327/384/361 338/396/361 329/387/362
f 330/388/363 31/32/363 339/397/363
f 32/33/364 328/385/364 337/395/364
f 329/387/365 340/398/365 331/389/365
f 330/388/366 341/399/366 332/390/366
f 331/389/367 342/400/367 318/369/367
f 332/390/368 343/401/368 319/371/368
f 320/373/369 342/400/369 344/402/369
f 321/374/370 343/401/370 345/403/370
f 320/373/371 346/404/371 322/405/371
f 323/406/372 345/407/372 347/408/372
f 322/376/373 333/391/373 324/378/373
f 323/406/374 335/393/374 325/380/374
f 343/401/375 348/409/375 349/410/375
f 344/402/376 350/411/376 351/412/376
f 345/403/377 349/410/377 352/413/377
f 344/402/378 353/414/378 346/404/378
f 347/408/379 352/415/379 354/416/379
f 346/417/380 355/418/380 333/391/380
f 347/408/381 356/419/381 335/393/381
f 333/391/382 357/420/382 334/392/382
f 336/394/383 356/419/383 358/421/383
f 334/392/384 359/422/384 337/395/384
f 336/394/385 360/423/385 338/396/385
f 339/397/386 31/32/386 361/424/386
f 32/33/387 337/395/387 359/422/387
f 340/398/388 360/423/388 362/425/388
f 339/397/389 348/409/389 341/399/389
f 340/398/390 350/411/390 342/400/390
f 358/421/391 363/426/391 364/427/391
f 357/420/392 365/428/392 359/422/392
f 358/421/393 366/429/393 360/423/393
f 361/424/394 31/32/394 367/430/394
f 32/33/395 359/422/395 365/428/395
f 362/425/396 366/429/396 368/431/396
f 361/424/397 369/432/397 348/409/397
f 362/425/398 370/433/398 350/411/398
f 348/409/399 371/434/399 349/410/399
f 351/412/400 370/433/400 372/435/400
f 352/413/401 371/434/401 373/436/401
f 351/412/402 374/437/402 353/414/402
f 354/416/403 373/438/403 375/439/403
f 353/440/404 376/441/404 355/418/404
f 354/416/405 363/426/405 356/419/405
f 357/420/406 376/441/406 377/442/406
f 372/435/407 378/443/407 379/444/407
f 373/436/408 380/445/408 381/446/408
f 372/435/409 382/447/409 374/437/409
f 373/438/410 383/448/410 375/439/410
f 374/437/411 384/449/411 376/441/411
f 375/439/412 385/450/412 363/426/412
f 377/442/413 384/449/413 386/451/413
f 364/427/414 385/450/414 387/452/414
f 365/428/415 386/451/415 388/453/415
f 364/427/416 389/454/416 366/429/416
f 367/430/417 31/32/417 390/455/417
f 32/33/418 365/428/418 388/453/418
f 368/431/419 389/454/419 391/456/419
f 367/430/420 392/457/420 369/432/420
f 368/431/421 378/443/421 370/433/421
f 369/432/422 380/445/422 371/434/422
f 386/451/423 393/458/423 388/453/423
f 387/452/424 394/459/424 389/454/424
f 390/455/425 31/32/425 395/460/425
f 32/33/426 388/453/426 393/458/426
f 391/456/427 394/459/427 396/461/428
f 390/455/429 397/462/429 392/457/429
f 391/456/430 398/463/430 378/443/430
f 380/445/431 397/462/431 399/464/431
f 379/444/432 398/463/432 400/465/432
f 381/446/433 399/464/433 401/466/433
f 379/444/434 402/467/434 382/447/434
f 381/468/435 403/469/435 383/448/435
f 382/470/436 404/471/436 384/449/436
f 383/448/437 405/472/437 385/450/437
f 386/451/438 404/471/438 406/473/438
f 387/452/439 405/472/439 407/474/439
f 400/465/440 408/475/440 402/467/440
f 403/469/441 409/476/441 410/477/441
f 402/478/442 411/479/442 404/471/442
f 403/469/443 412/480/443 405/472/443
f 404/471/444 413/481/444 406/473/445
f 407/474/446 412/480/446 414/482/446
f 406/473/447 415/483/447 393/458/447
f 407/474/448 416/484/448 394/459/448
f 395/460/449 31/32/449 417/485/449
f 32/33/450 393/458/450 415/483/450
f 394/459/451 418/486/451 396/461/451
f 397/462/452 417/485/452 419/487/452
f 396/461/453 420/488/453 398/463/453
f 397/462/454 421/489/454 399/464/454
f 400/465/455 420/488/455 422/490/455
f 401/466/456 421/489/456 409/491/456
f 417/485/457 31/32/457 423/492/457
f 32/33/458 415/483/458 424/493/458
f 418/486/459 425/494/459 426/495/460
f 417/485/461 427/496/461 419/487/461
f 418/486/462 428/497/462 420/488/462
f 421/489/463 427/496/463 429/498/463
f 422/490/464 428/497/464 430/499/464
f 409/491/465 429/498/465 431/500/465
f 422/501/466 432/502/466 408/503/466
f 410/504/467 431/500/467 433/505/467
f 408/503/468 434/506/468 411/479/468
f 410/477/469 435/507/469 412/480/469
f 411/479/470 436/508/470 413/481/470
f 414/482/471 435/507/471 437/509/471
f 413/481/472 424/493/472 415/483/472
f 414/482/473 425/494/473 416/484/473
f 433/505/474 438/510/474 439/511/474
f 432/502/475 440/512/475 434/506/475
f 433/513/476 441/514/476 435/515/476
f 436/508/477 440/512/477 442/516/477
f 437/517/478 441/514/478 443/518/478
f 436/508/479 444/519/479 424/493/479
f 425/520/480 443/518/480 445/521/480
f 423/492/481 31/32/481 446/522/481
f 32/33/482 424/493/482 444/519/482
f 425/520/483 447/523/483 426/524/483
f 427/496/484 446/522/484 448/525/484
f 426/524/485 449/526/485 428/527/485
f 427/496/486 450/528/486 429/498/486
f 430/529/487 449/526/487 451/530/487
f 429/498/488 438/510/488 431/500/488
f 430/531/489 452/532/489 432/502/489
f 447/523/490 453/533/490 454/534/491
f 446/522/492 455/535/493 448/525/493
f 447/523/494 456/536/494 449/526/494
f 450/528/495 455/535/495 457/537/495
f 451/530/496 456/536/496 458/538/496
f 450/528/497 459/539/497 438/510/497
f 451/530/498 460/540/498 452/541/498
f 439/542/499 459/543/499 461/544/499
f 440/512/500 460/545/500 462/546/500
f 439/542/501 463/547/501 441/514/501
f 442/516/502 462/546/503 464/548/502
f 443/518/504 463/547/504 465/549/504
f 442/516/505 466/550/505 444/519/505
f 443/518/506 453/533/506 445/521/506
f 446/522/507 31/32/507 467/551/507
f 32/33/508 444/519/508 466/550/508
f 462/546/509 468/552/509 469/553/509
f 461/544/510 470/554/510 463/547/510
f 462/546/511 471/555/511 464/548/511
f 465/549/512 470/554/512 472/556/512
f 464/548/513 473/557/513 466/550/513
f 465/549/514 474/558/514 453/533/515
f 467/551/516 31/32/516 475/559/516
f 32/33/517 466/550/517 473/557/517
f 453/533/518 476/560/518 454/534/518
f 467/551/519 477/561/519 455/535/519
f 454/534/520 478/562/520 456/536/520
f 455/535/521 479/563/521 457/537/521
f 458/538/522 478/562/522 480/564/522
f 457/537/523 481/565/523 459/539/523
f 458/538/524 468/566/524 460/540/524
f 461/544/525 481/567/525 482/568/525
f 477/561/526 30/31/526 4/4/526
f 476/560/527 8/8/527 478/562/527
f 477/561/528 9/9/528 479/563/528
f 480/564/529 8/8/529 12/12/529
f 481/565/530 9/9/530 13/13/530
f 480/564/531 16/16/531 468/566/531
f 482/568/532 13/569/532 17/17/532
f 469/553/533 16/16/533 20/21/533
f 482/568/534 21/22/534 470/554/534
f 469/553/535 24/25/535 471/555/535
f 472/556/536 21/22/536 25/26/536
f 471/555/537 28/29/537 473/557/537
f 472/556/538 1/1/538 474/558/538
f 475/559/539 31/32/539 30/31/539
f 32/33/540 473/557/540 28/29/540
f 474/558/541 3/3/541 476/560/541
f 1/1/1 29/30/1 2/2/1
f 4/4/3 30/31/3 5/5/3
f 3/3/4 2/2/4 7/7/4
f 9/9/5 4/4/5 6/6/5
f 8/8/6 7/7/6 11/11/6
f 13/13/7 9/9/7 10/10/7
f 12/12/8 11/11/8 15/15/8
f 17/17/9 13/569/9 14/18/9
f 16/16/10 15/570/10 19/20/10
f 21/22/11 17/17/11 18/19/11
f 20/21/12 19/20/12 23/24/12
f 25/26/13 21/22/13 22/23/13
f 24/25/14 23/24/14 27/28/14
f 1/1/15 25/26/542 26/27/15
f 26/27/18 47/49/543 33/34/18
f 2/2/21 29/30/21 33/34/21
f 5/5/23 34/35/23 37/38/23
f 2/2/24 36/37/24 38/39/24
f 6/6/25 37/38/25 39/40/25
f 7/7/26 38/39/26 40/41/26
f 10/10/28 39/40/28 41/42/28
f 15/15/29 11/11/29 40/41/29
f 14/18/30 41/51/30 43/44/30
f 19/20/31 15/570/31 42/45/31
f 18/19/32 43/44/32 45/47/32
f 19/20/34 44/46/34 46/48/34
f 22/23/35 45/47/35 47/49/35
f 27/28/36 23/24/36 46/48/36
f 40/41/37 61/65/37 48/50/37
f 41/51/38 62/571/38 49/52/38
f 44/46/39 42/45/39 48/53/39
f 43/44/40 49/52/40 51/55/40
f 46/48/41 44/46/544 50/54/41
f 45/47/42 51/55/42 53/57/42
f 46/48/43 52/56/43 54/58/44
f 47/49/46 53/57/46 55/59/46
f 33/34/50 55/59/545 57/61/50
f 34/35/52 56/60/52 58/62/52
f 36/37/53 57/61/53 59/63/53
f 37/38/54 58/62/54 60/64/54
f 40/41/55 38/39/55 59/63/55
f 39/40/56 60/64/56 62/66/56
f 55/59/59 77/83/546 65/69/59
f 58/62/60 56/60/60 63/67/60
f 57/61/61 65/69/61 67/71/61
f 58/62/62 66/70/62 68/72/62
f 61/65/63 59/63/63 67/71/63
f 60/64/64 68/72/64 70/74/64
f 61/75/65 69/105/65 71/76/65
f 49/77/66 62/66/66 70/74/66
f 48/53/67 71/76/67 73/79/67
f 49/52/68 72/572/68 74/80/68
f 50/54/69 73/79/69 75/81/69
f 51/55/70 74/80/70 76/82/70
f 52/56/71 75/81/71 64/68/71
f 53/57/72 76/82/547 77/83/72
f 72/78/73 70/74/73 78/84/73
f 71/76/74 92/106/74 80/86/74
f 72/87/75 79/117/75 81/88/75
f 73/79/76 80/86/76 82/90/76
f 76/91/77 74/89/77 81/88/77
f 64/68/78 75/81/78 82/90/78
f 77/94/79 76/91/79 83/92/79
f 77/94/82 85/95/82 87/97/82
f 63/67/83 86/96/83 88/99/83
f 65/98/84 87/97/84 89/100/84
f 66/70/85 88/99/85 90/102/85
f 69/103/86 67/101/86 89/100/86
f 68/72/87 90/102/87 78/84/87
f 69/105/88 91/573/88 92/106/88
f 85/95/89 106/124/548 93/107/89
f 86/96/91 107/125/91 94/108/91
f 87/97/92 93/107/92 95/109/92
f 88/99/93 94/108/93 96/110/94
f 91/104/95 89/100/95 95/109/95
f 90/102/96 96/110/96 98/112/96
f 91/104/97 97/111/97 99/113/97
f 78/115/98 98/141/98 100/116/98
f 80/86/99 92/106/99 99/118/99
f 79/117/100 100/116/100 102/120/100
f 80/86/101 101/119/101 103/121/102
f 83/92/103 81/88/103 102/120/103
f 82/90/104 103/121/104 105/123/104
f 83/92/105 104/122/549 106/124/105
f 101/119/108 99/118/108 108/126/108
f 100/116/109 122/142/109 110/128/109
f 101/119/110 109/127/110 111/129/110
f 104/122/111 102/120/111 110/128/111
f 103/121/112 111/129/112 113/131/112
f 104/122/113 112/130/113 114/132/113
f 106/124/116 114/132/116 116/134/116
f 107/125/117 115/133/117 117/135/117
f 93/107/118 116/134/118 118/136/118
f 94/108/119 117/135/119 119/137/119
f 97/111/120 95/109/120 118/136/120
f 96/110/121 119/137/121 121/139/121
f 99/113/122 97/111/122 120/138/122
f 98/141/123 121/148/123 122/142/123
f 116/134/124 136/158/124 123/143/124
f 117/135/125 137/159/125 124/144/125
f 120/138/126 118/136/126 123/143/126
f 119/137/127 124/144/127 126/146/127
f 108/140/128 120/138/128 125/145/128
f 121/148/129 126/146/129 128/149/129
f 109/127/130 108/126/130 127/150/130
f 122/142/131 128/149/131 130/152/131
f 109/127/132 129/151/132 131/153/132
f 112/130/133 110/128/133 130/152/133
f 113/131/134 111/129/134 131/153/134
f 112/130/135 132/154/550 134/156/135
f 114/132/139 134/156/551 136/158/139
f 115/133/140 135/157/140 137/159/140
f 129/151/141 152/175/141 138/160/141
f 132/154/142 130/152/142 139/161/142
f 131/153/143 138/160/143 141/163/143
f 132/154/144 140/162/144 142/164/144
f 134/156/148 142/164/552 144/166/148
f 135/157/150 143/165/150 145/167/150
f 136/158/151 144/166/151 146/168/151
f 137/159/152 145/167/152 147/169/152
f 125/145/153 123/143/153 146/168/153
f 124/144/154 147/169/154 149/171/154
f 125/145/155 148/170/155 150/172/155
f 126/146/156 149/181/156 151/173/156
f 129/151/157 127/150/157 150/174/157
f 128/149/158 151/173/158 139/161/158
f 145/167/159 167/191/159 153/176/159
f 148/170/160 146/168/160 154/177/160
f 149/171/161 147/169/161 153/176/161
f 148/170/162 155/178/162 157/180/162
f 149/181/163 156/574/163 158/182/163
f 150/174/164 157/575/164 159/183/164
f 151/173/165 158/182/165 160/184/165
f 152/175/166 159/183/166 161/185/166
f 140/162/167 139/161/167 160/184/167
f 141/163/168 138/160/168 161/185/168
f 140/162/169 162/186/169 164/188/169
f 144/166/173 142/164/553 164/188/173
f 143/165/174 165/189/174 167/191/174
f 144/166/175 166/190/175 154/177/175
f 162/186/176 160/184/176 168/192/176
f 163/187/177 161/185/177 170/194/177
f 162/186/178 169/193/178 172/196/178
f 166/190/181 164/188/181 172/196/181
f 165/189/182 173/197/182 175/199/182
f 166/190/183 174/198/183 176/200/183
f 167/191/184 175/199/184 177/201/185
f 155/178/186 154/177/186 176/200/186
f 153/176/187 177/201/187 179/203/187
f 155/178/188 178/202/188 180/204/188
f 158/182/189 156/574/189 179/205/189
f 159/183/190 157/575/190 180/207/190
f 158/182/191 181/206/191 168/192/191
f 159/183/192 182/208/192 170/194/192
f 178/202/193 176/200/193 183/209/193
f 177/201/194 197/225/194 185/211/194
f 178/212/195 184/240/195 186/213/195
f 179/203/196 185/211/196 187/214/196
f 182/208/197 180/207/197 186/213/197
f 181/206/198 187/576/198 189/217/198
f 170/194/199 182/208/199 188/216/199
f 169/193/200 168/192/200 189/217/200
f 171/195/201 170/194/202 190/218/202
f 169/193/203 191/219/203 193/221/203
f 172/196/206 193/221/206 195/223/206
f 173/197/207 194/222/207 196/224/207
f 174/198/208 195/223/208 183/209/208
f 175/199/209 196/224/209 197/225/209
f 190/218/210 211/247/210 198/226/210
f 191/227/211 212/248/211 199/228/211
f 193/229/214 199/228/214 201/231/214
f 194/222/215 200/230/215 202/233/215
f 195/232/216 201/231/216 203/234/216
f 196/224/217 202/233/217 204/236/217
f 184/237/218 183/235/218 203/234/218
f 197/225/219 204/236/219 206/239/219
f 184/240/220 205/577/220 207/241/220
f 187/214/221 185/211/221 206/239/221
f 186/213/222 207/241/222 209/243/222
f 187/244/223 208/255/223 210/245/223
f 190/218/224 188/216/224 209/243/224
f 191/227/225 189/246/225 210/245/225
f 204/236/226 227/267/226 213/249/226
f 207/250/227 205/238/227 214/251/227
f 206/253/228 213/578/228 216/254/228
f 209/243/229 207/241/229 215/256/229
f 208/255/230 216/254/230 218/258/230
f 211/247/231 209/243/231 217/257/231
f 212/248/232 210/245/232 218/258/232
f 198/226/233 211/247/233 219/259/233
f 212/248/234 220/260/554 222/262/234
f 201/231/237 199/228/237 222/262/237
f 200/230/239 223/263/239 225/265/239
f 201/231/240 224/264/240 226/266/240
f 202/233/241 225/265/241 227/267/241
f 205/238/242 203/234/242 226/266/242
f 222/262/243 220/260/243 228/268/243
f 222/262/247 229/269/555 232/272/247
f 223/263/248 230/270/248 233/273/248
f 224/264/249 232/272/249 234/274/249
f 227/267/250 225/265/250 233/273/250
f 214/251/251 226/266/251 234/274/251
f 213/249/252 227/267/252 235/275/252
f 215/252/253 214/251/253 236/276/253
f 216/254/254 213/578/254 237/279/254
f 215/256/255 238/579/255 240/281/255
f 216/254/256 239/280/256 241/282/256
f 217/257/257 240/281/257 242/283/257
f 220/260/258 218/258/258 241/282/258
f 219/259/259 242/283/259 231/271/259
f 236/276/260 257/299/260 243/284/260
f 239/280/261 237/279/261 244/285/261
f 240/281/262 238/579/262 243/287/262
f 239/280/263 245/286/263 247/289/263
f 242/283/264 240/281/264 246/288/264
f 228/268/265 241/282/265 247/289/265
f 231/271/266 242/283/266 248/290/266
f 228/268/267 249/291/267 251/293/267
f 229/269/270 251/293/270 253/295/270
f 230/270/271 252/294/271 254/296/271
f 232/272/272 253/295/272 255/297/272
f 235/275/273 233/273/273 254/296/273
f 236/276/274 234/274/274 255/297/274
f 237/277/275 235/275/275 256/298/275
f 251/293/277 271/314/277 259/301/277
f 252/294/278 272/315/278 260/302/278
f 253/295/279 259/301/279 261/303/279
f 254/296/280 260/302/280 262/304/280
f 257/299/281 255/297/281 261/303/281
f 244/285/282 256/298/282 262/304/282
f 257/299/283 263/305/283 265/307/283
f 245/286/284 244/285/284 264/308/284
f 243/287/285 265/316/285 267/310/285
f 245/286/286 266/309/286 268/311/286
f 246/288/287 267/310/287 269/312/287
f 249/291/288 247/289/288 268/311/288
f 250/292/289 248/290/289 269/312/289
f 249/291/290 270/313/290 271/314/290
f 265/316/292 286/341/292 273/317/292
f 266/309/293 287/332/293 274/318/293
f 269/312/294 267/310/294 273/317/294
f 270/313/295 268/311/295 274/318/295
f 258/300/296 269/312/296 275/319/296
f 270/313/297 276/320/297 278/322/297
f 271/314/300 278/322/300 280/324/300
f 272/315/301 279/323/301 281/325/301
f 259/301/302 280/324/302 282/326/302
f 260/302/303 281/325/303 283/327/303
f 263/305/304 261/303/304 282/326/304
f 264/306/305 262/304/305 283/327/305
f 263/305/306 284/328/306 286/330/306
f 266/309/307 264/308/307 285/331/307
f 279/323/308 301/348/308 288/333/308
f 280/324/309 302/349/309 289/334/309
f 281/325/310 288/333/310 290/335/310
f 284/328/311 282/326/311 289/334/311
f 285/329/312 283/327/312 290/335/312
f 284/328/313 291/336/313 293/338/313
f 287/332/314 285/331/314 292/339/314
f 286/341/315 293/364/315 295/342/315
f 287/332/316 294/340/316 296/343/316
f 275/319/317 273/317/317 295/342/317
f 276/320/318 274/318/318 296/343/318
f 277/321/319 275/319/319 297/344/319
f 276/320/320 298/345/320 300/347/320
f 278/322/324 300/347/556 302/349/324
f 294/340/325 316/580/325 303/350/325
f 295/342/326 317/367/326 304/351/326
f 298/345/327 296/343/327 303/350/327
f 297/344/328 304/351/328 306/353/328
f 300/347/329 298/345/329 305/352/329
f 300/347/332 307/354/332 309/356/332
f 288/333/333 301/348/333 308/355/333
f 302/349/334 309/356/334 311/358/334
f 288/333/335 310/357/335 312/359/335
f 291/336/336 289/334/336 311/358/336
f 292/337/337 290/335/337 312/359/337
f 291/362/338 313/375/338 315/363/338
f 294/365/339 292/337/339 314/361/339
f 293/364/340 315/363/340 317/367/340
f 309/368/341 331/389/341 318/369/341
f 310/357/342 332/390/342 319/371/342
f 313/372/343 311/370/343 318/369/343
f 312/359/344 319/371/344 321/374/344
f 313/375/345 320/581/345 322/376/345
f 316/366/346 314/361/346 321/374/346
f 315/363/347 322/376/347 324/378/347
f 316/379/348 323/406/348 325/380/348
f 304/351/349 317/367/349 324/378/349
f 305/383/350 303/381/350 325/380/350
f 304/351/351 326/382/351 328/385/352
f 307/386/353 305/383/353 327/384/353
f 307/386/356 329/387/356 331/389/356
f 308/355/357 330/388/357 332/390/357
f 326/382/358 324/378/557 333/391/358
f 327/384/359 325/380/359 335/393/359
f 328/385/360 326/382/360 334/392/360
f 327/384/361 336/394/361 338/396/361
f 329/387/365 338/396/365 340/398/365
f 330/388/366 339/397/366 341/399/366
f 331/389/367 340/398/367 342/400/367
f 332/390/368 341/399/368 343/401/368
f 320/373/369 318/369/369 342/400/369
f 321/374/370 319/371/370 343/401/370
f 320/373/371 344/402/371 346/404/371
f 323/406/372 321/582/372 345/407/372
f 322/376/373 346/417/373 333/391/373
f 323/406/374 347/408/374 335/393/374
f 343/401/375 341/399/375 348/409/375
f 344/402/376 342/400/376 350/411/376
f 345/403/377 343/401/377 349/410/377
f 344/402/378 351/412/378 353/414/378
f 347/408/379 345/407/379 352/415/379
f 346/417/380 353/440/380 355/418/380
f 347/408/381 354/416/381 356/419/381
f 333/391/382 355/418/382 357/420/382
f 336/394/383 335/393/383 356/419/383
f 334/392/384 357/420/384 359/422/384
f 336/394/385 358/421/385 360/423/385
f 340/398/388 338/396/388 360/423/388
f 339/397/389 361/424/389 348/409/389
f 340/398/390 362/425/390 350/411/390
f 358/421/391 356/419/391 363/426/391
f 357/420/392 377/442/392 365/428/392
f 358/421/393 364/427/393 366/429/393
f 362/425/396 360/423/396 366/429/396
f 361/424/397 367/430/397 369/432/397
f 362/425/398 368/431/398 370/433/398
f 348/409/399 369/432/399 371/434/399
f 351/412/400 350/411/400 370/433/400
f 352/413/401 349/410/401 371/434/401
f 351/412/402 372/435/402 374/437/402
f 354/416/403 352/415/403 373/438/403
f 353/440/404 374/437/404 376/441/404
f 354/416/405 375/439/405 363/426/405
f 357/420/406 355/418/406 376/441/406
f 372/435/407 370/433/407 378/443/407
f 373/436/408 371/434/408 380/445/408
f 372/435/409 379/444/409 382/447/409
f 373/438/410 381/468/410 383/448/410
f 374/437/411 382/470/411 384/449/411
f 375/439/412 383/448/412 385/450/412
f 377/442/413 376/441/413 384/449/413
f 364/427/414 363/426/414 385/450/414
f 365/428/415 377/442/415 386/451/415
f 364/427/416 387/452/416 389/454/416
f 368/431/419 366/429/419 389/454/419
f 367/430/420 390/455/420 392/457/420
f 368/431/421 391/456/421 378/443/421
f 369/432/422 392/457/422 380/445/422
f 386/451/423 406/473/423 393/458/423
f 387/452/424 407/474/558 394/459/424
f 391/456/427 389/454/427 394/459/427
f 390/455/429 395/460/429 397/462/429
f 391/456/430 396/461/430 398/463/430
f 380/445/431 392/457/431 397/462/431
f 379/444/432 378/443/432 398/463/432
f 381/446/433 380/445/433 399/464/433
f 379/444/434 400/465/434 402/467/434
f 381/468/435 401/583/435 403/469/435
f 382/470/436 402/478/436 404/471/436
f 383/448/437 403/469/437 405/472/437
f 386/451/438 384/449/438 404/471/438
f 387/452/439 385/450/439 405/472/439
f 400/465/440 422/490/440 408/475/440
f 403/469/441 401/583/441 409/476/441
f 402/478/442 408/503/442 411/479/442
f 403/469/443 410/477/443 412/480/443
f 404/471/444 411/479/444 413/481/444
f 407/474/446 405/472/446 412/480/446
f 406/473/447 413/481/447 415/483/447
f 407/474/448 414/482/448 416/484/448
f 394/459/451 416/484/451 418/486/451
f 397/462/452 395/460/452 417/485/452
f 396/461/453 418/486/453 420/488/453
f 397/462/454 419/487/454 421/489/454
f 400/465/455 398/463/455 420/488/455
f 401/466/456 399/464/456 421/489/456
f 418/486/459 416/484/459 425/494/459
f 417/485/461 423/492/461 427/496/461
f 418/486/462 426/495/462 428/497/462
f 421/489/463 419/487/463 427/496/463
f 422/490/464 420/488/464 428/497/464
f 409/491/465 421/489/465 429/498/465
f 422/501/466 430/531/466 432/502/466
f 410/504/467 409/491/467 431/500/467
f 408/503/468 432/502/468 434/506/468
f 410/477/469 433/584/469 435/507/469
f 411/479/470 434/506/470 436/508/470
f 414/482/471 412/480/471 435/507/471
f 413/481/472 436/508/472 424/493/472
f 414/482/473 437/509/559 425/494/473
f 433/505/474 431/500/474 438/510/474
f 432/502/475 452/532/475 440/512/475
f 433/513/476 439/542/476 441/514/476
f 436/508/477 434/506/477 440/512/477
f 437/517/478 435/515/478 441/514/478
f 436/508/479 442/516/479 444/519/479
f 425/520/480 437/517/480 443/518/480
f 425/520/483 445/521/483 447/523/483
f 427/496/484 423/492/484 446/522/484
f 426/524/485 447/523/485 449/526/485
f 427/496/486 448/525/486 450/528/486
f 430/529/487 428/527/487 449/526/487
f 429/498/488 450/528/488 438/510/488
f 430/531/489 451/585/489 452/532/489
f 447/523/490 445/521/490 453/533/490
f 446/522/492 467/551/492 455/535/493
f 447/523/494 454/534/494 456/536/494
f 450/528/495 448/525/495 455/535/495
f 451/530/496 449/526/496 456/536/496
f 450/528/497 457/537/497 459/539/497
f 451/530/498 458/538/498 460/540/498
f 439/542/499 438/586/499 459/543/499
f 440/512/500 452/532/500 460/545/500
f 439/542/501 461/544/501 463/547/501
f 442/516/502 440/512/503 462/546/503
f 443/518/504 441/514/504 463/547/504
f 442/516/505 464/548/505 466/550/505
f 443/518/506 465/549/560 453/533/506
f 462/546/509 460/545/509 468/552/509
f 461/544/510 482/568/510 470/554/510
f 462/546/511 469/553/511 471/555/511
f 465/549/512 463/547/512 470/554/512
f 464/548/513 471/555/513 473/557/513
f 465/549/514 472/556/514 474/558/514
f 453/533/518 474/558/518 476/560/518
f 467/551/519 475/559/519 477/561/519
f 454/534/520 476/560/520 478/562/520
f 455/535/521 477/561/521 479/563/521
f 458/538/522 456/536/522 478/562/522
f 457/537/523 479/563/523 481/565/523
f 458/538/524 480/564/524 468/566/524
f 461/544/525 459/543/525 481/567/525
f 477/561/526 475/559/526 30/31/526
f 476/560/527 3/3/527 8/8/527
f 477/561/528 4/4/528 9/9/528
f 480/564/529 478/562/529 8/8/529
f 481/565/530 479/563/530 9/9/530
f 480/564/531 12/12/531 16/16/531
f 482/568/532 481/567/532 13/569/532
f 469/553/533 468/552/533 16/16/533
f 482/568/534 17/17/534 21/22/534
f 469/553/535 20/21/535 24/25/535
f 472/556/536 470/554/536 21/22/536
f 471/555/537 24/25/537 28/29/537
f 472/556/538 25/26/538 1/1/538
f 474/558/541 1/1/541 3/3/541
